,Date,market,rf,SMB,HML,Open,High,Low,Close,Adj Close,Volume,return,Daily_Return,mkt-rf,ER,abnormal_returns,const,(mkt-rf),(SMB),(HML),t-1~t CAR,t-2~t CAR,t-3~t CAR,t-3~t+1 CAR,t-3~t+2 CAR,t-3~t+3 CAR,t~t+1 CAR,t~t+2 CAR,t~t+3 CAR
0,2019-07-24,-0.0010504911956241,0.00675,-0.0223547606062919,0.071122265271362,65.5999984741211,68.19999694824219,65.5999984741211,67.5999984741211,57.65850830078125,697040,0.0320610454064289,0.0320610265867746,-0.0078004911956241,-0.0036768618322112,-0.0357378884189858,,,,,,,,,,,-0.030051611185493,-0.0236934445484519,0.0033828865267259
1,2019-07-25,0.0005166893518236,0.00674,0.1424325255229027,0.0515778478745566,67.80000305175781,69.19999694824219,67.30000305175781,68.80000305175781,58.682037353515625,491002,0.0177515474071513,0.0177515701133825,-0.0062233106481764,0.0234378473468753,0.0056862772334928,-0.0020417006817435,1.0051537795444103,0.0465977830327865,0.0105599517345323,-0.030051611185493002,,,,,,0.0120444438705339,0.0391207749457118,0.0499803069372377
2,2019-07-26,-0.0045176706470294,0.0069,0.1441943646526901,-0.196937008768804,68.80000305175781,68.80000305175781,68.0,68.30000305175781,58.25557327270508,142007,-0.0072674415381036,-0.0072673700512716,-0.0114176706470294,-0.0009092034142304,0.0063581666370411,-0.0018882788986303,1.0179385497337925,0.0461773557517186,0.0103598273020449,0.0120444438705339,-0.023693444548451903,,,,,0.033434497712219,0.0442940297037449,0.0225394475723223
3,2019-07-29,-0.0005738166734628,0.00695,-0.0351153715849261,0.0094775805806401,68.69999694824219,68.69999694824219,67.4000015258789,67.69999694824219,57.74380493164063,137066,-0.0087848620308397,-0.0087848820690299,-0.0075238166734627,0.018291449006148,0.0270763310751779,-0.0015538520590674,1.0287748546696016,0.0445910794062293,0.0101740612132865,0.033434497712219,0.0391207749457118,0.0033828865267259978,0.014242418518251898,-0.007512163613170702,0.0003313387478691976,0.0379358630667038,0.0161812809352812,0.0240247832963211
4,2019-07-30,-0.0050368763292828,0.00695,-0.104760780543247,-0.1321294022059579,67.69999694824219,68.0,66.9000015258789,66.9000015258789,57.06145858764648,143007,-0.011816771911746,-0.0118167887412674,-0.0119868763292828,-0.0009572567497414,0.0108595319915259,-0.0016449355272025,1.029412466342532,0.0451586831497229,0.0104339337946411,0.0379358630667038,0.0442940297037449,0.0499803069372377,0.0282257248058151,0.036069227166855,0.07096656166453019,-0.0108950501398967,-0.0030515477788568,0.0318457867188184
5,2019-07-31,-0.0006546842881721,0.0069,0.0335917842069464,-0.0224816261318719,67.0,68.30000305175781,66.9000015258789,68.30000305175781,58.25557327270508,262037,0.0209267786838142,0.0209268167098188,-0.0075546842881721,-0.0008277654216037,-0.0217545821314226,-0.0016368136564207,1.0333786064812016,0.0451322757082798,0.0102216483215923,-0.0108950501398967,0.016181280935281202,0.0225394475723223,0.0303829499333622,0.0652802844310374,0.0824954288689299,-0.0139110797703827,0.0209862547272925,0.038201399165185
6,2019-08-01,-0.0085052836262937,0.0069999999999999,0.0483849726067363,-0.1301681201697755,67.4000015258789,68.5,67.4000015258789,67.5,57.573219299316406,151100,-0.0117130749050123,-0.0117131106099401,-0.0155052836262936,-0.0038696082489002,0.0078435023610399,-0.0017205101617599,1.02655973057906,0.0455039666802105,0.0105444390143528,-0.0139110797703827,-0.0030515477788568,0.0240247832963211,0.0589221177939963,0.0761372622318888,0.07758739683564769,0.0427408368587151,0.0599559812966076,0.0614061159003665
7,2019-08-02,-0.0170251786463065,0.0069999999999999,-0.0457561666734706,-0.307136606683719,66.9000015258789,66.9000015258789,66.0,66.0,56.2938117980957,144039,-0.0222222222222222,-0.0222222678667526,-0.0240251786463065,0.0126750666309225,0.0348973344976752,-0.0017712417293018,1.0242132912172417,0.0450601772346855,0.0106039944001109,0.0427408368587151,0.0209862547272925,0.0318457867188184,0.0490609311567109,0.050511065760469806,0.06635278360366101,0.0521124789355677,0.0535626135393266,0.0694043313825178
8,2019-08-05,-0.0119091293944567,0.0068,0.1112275894811173,-0.2999311623289139,65.80000305175781,66.5,65.0,65.0,55.44087219238281,112035,-0.0151515151515151,-0.0151515695681091,-0.0187091293944567,0.0020635748697834,0.0172151444378925,-0.0017719068828506,1.039161876072192,0.0462030317576892,0.010667992277321,0.0521124789355677,0.059955981296607605,0.038201399165185,0.039651533768943904,0.0554932516121351,0.061783403889218,0.0186652790416514,0.0345069968848426,0.0407971491619255
9,2019-08-06,-0.0027495949809492,0.0069,-0.1088388500305653,0.1124235625082555,64.4000015258789,64.9000015258789,63.59999847412109,64.69999694824219,55.18498992919922,137002,-0.0046154315655048,-0.0046154083271935,-0.0096495949809492,-0.0031652737234345,0.0014501346037589,-0.0017769336948851,1.0400224517047305,0.0462040794113736,0.0105783385448194,0.0186652790416514,0.053562613539326606,0.06140611590036651,0.0772478337435577,0.08353798602064061,0.08566511741746831,0.0172918524469501,0.0235820047240329,0.0257091361208606
10,2019-08-07,-0.0008244847158421,0.00675,0.0066907187882801,0.0669654325880532,65.0,65.4000015258789,64.5,64.5,55.014408111572266,35508,-0.0030911430861763,-0.0030910908536144,-0.0075744847158421,0.0127506269895767,0.0158417178431912,-0.0018053108637637,1.038071615488682,0.046398039362636,0.010651673972052,0.0172918524469501,0.0345069968848426,0.06940433138251781,0.07569448365960071,0.07782161505642841,0.09268296097811941,0.0221318701202741,0.0242590015171018,0.0391203474387928
11,2019-08-08,0.0104283336254382,0.00665,-0.036874339682887,0.4154995699572797,64.0,65.0,64.0,64.30000305175781,54.84382629394531,67001,-0.0031007278797238,-0.0031006753227446,0.0037783336254381,0.0031894769543383,0.0062901522770829,-0.0017743345522981,1.040513425205217,0.0462361112232197,0.0105233393662237,0.0221318701202741,0.023582004724032997,0.0407971491619255,0.0429242805587532,0.0577856264804442,-0.01589551104028491,0.0084172836739106,0.0232786295956015,-0.0504025079251275
12,2019-08-12,-0.0021087144128271,0.0066,0.1784100904950459,-0.0582709112006545,64.30000305175781,64.5999984741211,63.900001525878906,63.900001525878906,54.50264739990234,60100,-0.0062208632487455,-0.0062209170493386,-0.0087087144128271,-0.0040937856525109,0.0021271313968277,-0.0019289372731028,0.9848497983449916,0.0464216324715236,0.0121031301115184,0.0084172836739106,0.0242590015171018,0.025709136120860697,0.040570482042551696,-0.03311065547817741,-0.01425000829174651,0.0169884773185187,-0.0566926602022104,-0.0378320130157795
13,2019-08-13,-0.0104752120467409,0.0064,0.0780205117031939,-0.264458791450158,63.5,63.59999847412109,62.5,63.09999847412109,53.82029342651367,144020,-0.0125196092747168,-0.0125196482362045,-0.0168752120467409,0.0023416976854864,0.014861345921691,-0.0020426941073502,0.964353579337381,0.0490038367172937,0.0136168663582097,0.0169884773185187,0.023278629595601598,0.0391203474387928,-0.034560790081936306,-0.015700142895505406,-0.018844063668405808,-0.0588197915990381,-0.0399591444126072,-0.0431030651855076
14,2019-08-14,0.0062793058460721,0.0065,-0.0215576761886129,0.2557314448540548,63.79999923706055,68.0,63.79999923706055,68.0,57.99968719482422,826902,0.0776545427000053,0.0776546076252278,-0.0002206941539279,0.0039734701044986,-0.0736811375207291,-0.0020874831246037,0.963706239893472,0.0486527424848351,0.0136549964202179,-0.05881979159903811,-0.05669266020221041,-0.05040250792512751,-0.03154186073869661,-0.03468578151159701,-0.035139070425649906,-0.0548204903342982,-0.0579644111071986,-0.0584177000212515
15,2019-08-15,-0.0096474094951899,0.0063,0.0203149925298604,-0.0967484073579167,66.5,67.30000305175781,66.0999984741211,67.19999694824219,57.31733322143555,335519,-0.0117647507611443,-0.0117647871288789,-0.0159474094951899,0.007095860057552,0.0188606471864309,-0.0021443620827041,0.9618764203439528,0.0490055150952402,0.0138503505022663,-0.05482049033429821,-0.03995914441260721,-0.03783201301577951,-0.040975933788679905,-0.041429222702732804,-0.037760425612847405,0.0157167264135305,0.0152634374994775,0.018932234589363
16,2019-08-16,0.0090789761229831,0.0064,-0.0581132301114788,0.1276678476615936,67.5,67.9000015258789,67.0999984741211,67.5999984741211,57.65850830078125,549056,0.0059524039292291,0.0059523892716297,0.0026789761229831,0.0028084684987293,-0.0031439207729004,-0.0021078121339338,0.9636926637786296,0.0485629476989524,0.0135988329912546,0.0157167264135305,-0.057964411107198605,-0.043103065185507605,-0.043556354099560504,-0.039887557009675105,-0.028452741386225305,-0.0035972096869533,7.158740293210014e-05,0.0115064030263819
17,2019-08-19,0.0065119537632446,0.0066,-0.0733355000331697,0.2522795149078218,67.9000015258789,68.19999694824219,67.19999694824219,67.5999984741211,57.65850830078125,266038,0.0,0.0,-8.804623675540049e-05,-0.0004532889140529,-0.0004532889140529,-0.0018902914161482,0.9706542084192932,0.0486715980708336,0.0133205663262028,-0.0035972096869533,0.015263437499477598,-0.058417700021251504,-0.054748902931366104,-0.043314087307916305,-0.027791897718559007,0.0032155081758325,0.0146503237992823,0.0301725133886395
18,2019-08-20,0.0032177332856632,0.0066,-0.0899128787635103,0.2101906743105611,68.0,68.80000305175781,67.5,67.69999694824219,57.74380493164063,541304,0.0014792674020455,0.001479341616235,-0.0033822667143368,0.0051481387061205,0.0036687970898854,-0.0018404805094532,0.9796342273652436,0.0486021773960202,0.0131225463613591,0.0032155081758325,7.158740293210014e-05,0.018932234589363,0.030367050212812798,0.0458892398021701,0.0519543728401338,0.0151036127133351,0.0306258023026924,0.0366909353406562
19,2019-08-21,0.0003135951235447,0.0066,0.0278152143651608,-0.0343102428887528,68.4000015258789,68.4000015258789,67.4000015258789,67.5,57.573219299316406,294211,-0.0029541648043956,-0.0029541806697042,-0.0062864048764553,0.0084806349537456,0.0114348156234498,-0.0019034232278555,0.9679525385419826,0.0482579773871573,0.0131847143762924,0.015103612713335199,0.0146503237992823,0.0115064030263819,0.0270285926157392,0.0330937256537029,0.06709523547615251,0.026957005212807,0.0330221382507708,0.0670236480732204
20,2019-08-22,0.000378163068257,0.0066,0.0648611004138347,0.0076023258370309,68.0,68.30000305175781,67.0,67.0999984741211,57.2320442199707,198004,-0.0059259485315393,-0.0059259336805881,-0.006221836931743,0.0095962559087692,0.0155221895893573,-0.001862069751758,0.976845437556873,0.0481880067852511,0.0130682353890512,0.026957005212807097,0.030625802302692497,0.030172513388639598,0.0362376464266033,0.0702391562490529,0.0738541841933339,0.021587322627321,0.0555888324497706,0.0592038603940516
21,2019-08-23,0.0007910970512854,0.0068,0.0102947541309678,-0.0558990969189011,67.19999694824219,67.5,66.5999984741211,66.80000305175781,56.976165771484375,141016,-0.0044708707777241,-0.0044708947928342,-0.0060089029487146,0.0015942382451294,0.0060651330379637,-0.0019087146352651,0.9671753482927604,0.0479861413688851,0.0132693198452921,0.021587322627321,0.0330221382507708,0.0366909353406562,0.0706924451631058,0.07430747310738679,0.059526230639752695,0.0400666428604133,0.0436816708046943,0.0289004283370602
22,2019-08-26,-0.0174167884885819,0.0065,0.0026008164849495,-0.4265833140260698,65.4000015258789,66.0,64.69999694824219,64.80000305175781,55.27029037475586,146079,-0.0299401183926648,-0.0299401578472358,-0.0239167884885819,0.0040613519752138,0.0340015098224496,-0.0019001853189405,0.9697774075257114,0.0479081647798914,0.0131668416661249,0.0400666428604133,0.0555888324497706,0.0670236480732204,0.07063867601750139,0.05585743354986729,0.03875382817719419,0.0376165377667306,0.0228352952990965,0.0057316899264234
23,2019-08-27,0.0031541778426645,0.0068,-0.0274358122004623,0.1443956520206291,65.0,65.5,64.4000015258789,64.4000015258789,54.92911529541016,211183,-0.0061728627629756,-0.0061728476009875,-0.0036458221573355,-0.0025578196567064,0.003615027944281,-0.0019082142953484,0.9758949451267585,0.0459547275876846,0.011601890054482,0.0376165377667306,0.0436816708046943,0.0592038603940516,0.0444226179264175,0.0273190125537444,0.027715049899002902,-0.0111662145233531,-0.0282698198960262,-0.0278737825507677
24,2019-08-28,0.0045305214372665,0.0068,-0.1055280106979544,0.1717298035728282,66.4000015258789,66.4000015258789,65.0,65.9000015258789,56.20852279663086,251006,0.0232919249139649,0.0232919735615622,-0.0022694785627335,0.008510731093928,-0.0147812424676341,-0.0018431075585939,0.9897154489074472,0.0440975251666628,0.0106707533057336,-0.0111662145233531,0.022835295299096503,0.028900428337060205,0.011796822964387103,0.012192860309645604,0.020362543385365604,-0.0318848478403072,-0.0314888104950487,-0.0233191274193287
25,2019-08-29,0.0026968436119903,0.0068,-0.0079027218502142,0.1774298275291945,66.4000015258789,67.5999984741211,66.4000015258789,67.30000305175781,57.40263366699219,282302,0.0212443322224981,0.0212443026599677,-0.0041031563880097,0.0041406972872946,-0.0171036053726731,-0.0018393296285124,0.9912665445820814,0.0441160636420436,0.0106726165355591,-0.0318848478403072,-0.0282698198960262,0.005731689926423401,0.006127727271681901,0.014297410347401902,0.012763195339735802,-0.0167075680274146,-0.0085378849516946,-0.0100720999593607
26,2019-08-30,0.0148741852357132,0.0068,-0.1235485839880594,0.2834241787351876,67.80000305175781,69.0,67.5999984741211,67.9000015258789,57.91439437866211,389018,0.0089152815291799,0.008915282783692,0.0080741852357132,0.0093113201289505,0.0003960373452585,-0.0014003472348095,1.001449924414871,0.0486238174805186,0.0139519149073986,-0.0167075680274146,-0.0314888104950487,-0.0278737825507677,-0.0197040994750477,-0.021238314482713797,-0.016655585007368398,0.0085657204209785,0.0070315054133124,0.0116142348886578
27,2019-09-03,-0.0072064628323412,0.0068,0.0981701179773123,-0.2857061465383508,68.0,68.0,67.0999984741211,67.5,57.573219299316406,135004,-0.0044248235730726,-0.0044248009439856,-0.0140064628323412,0.0037448821317343,0.00816968307572,-0.0013922795002414,1.002787588611629,0.0486150323420066,0.0139198853115956,0.008565720420978501,-0.0085378849516946,-0.023319127419328702,-0.0248533424269948,-0.020270612951649402,-0.019611093489684803,0.0066354680680539,0.0112181975433993,0.0118777170053639
28,2019-09-04,0.0093860237428164,0.0068,-0.0428400574375938,0.226942907578184,67.5,67.9000015258789,67.19999694824219,67.5999984741211,57.65850830078125,95052,0.001481458875868,0.0014814005974104,0.0025860237428164,-5.281441025573227e-05,-0.0015342150076661,-0.0014276136502025,0.998949043385171,0.0486979090054233,0.014039226857006,0.0066354680680539005,0.007031505413312401,-0.010072099959360701,-0.005489370484015301,-0.004829851022050701,-0.013032288909646401,0.0030485144676793,0.0037080339296439,-0.0044944039579518
29,2019-09-05,0.0093475859484279,0.0068,-0.1767958435305028,0.3226072264551779,68.0,68.4000015258789,67.69999694824219,67.9000015258789,57.91439437866211,146332,0.0044379150670049,0.0044379586885252,0.0025475859484279,0.0090206881638706,0.0045827294753454,-0.001491807938185,0.9946302645235532,0.0487487278596126,0.0140382757527154,0.0030485144676793002,0.0112181975433993,0.011614234888657801,0.0122737543506224,0.0040713164630267005,0.0013120891626785007,0.00524224893731,-0.0029601889502857,-0.0057194162506339
30,2019-09-06,0.002204156913385,0.0069,-0.0064415050545912,0.0451933185741987,68.4000015258789,68.4000015258789,67.80000305175781,67.80000305175781,57.8291015625,102002,-0.0014727315445343,-0.0014727394989998,-0.004695843086615,-0.0008132200370352,0.0006595194619646,-0.0014878027450961,0.9941599747284716,0.0487165455835168,0.014062076020363,0.00524224893731,0.0037080339296439004,0.0118777170053639,0.0036752791177681998,0.0009160518174199999,0.00044665333947399994,-0.0075429184256311,-0.0103021457259793,-0.0107715442039253
31,2019-09-10,-0.0025100152861914,0.0070999999999999,0.0089461764763552,-0.1704270487610341,68.19999694824219,69.5,68.19999694824219,68.5999984741211,58.51144790649414,483003,0.0117993419816304,0.0117993592422784,-0.0096100152861914,0.0035969213546827,-0.0082024378875957,-0.0015413770418759,0.989746695504064,0.0487902725760393,0.0142205836233942,-0.0075429184256311,-0.0029601889502857,-0.0044944039579518,-0.007253631258299999,-0.007723029736245999,0.0014542914561925004,-0.0109616651879438,-0.0114310636658898,-0.0022537424734513
32,2019-09-11,0.0034192827860924,0.0068,0.0140505618742595,0.1141401721898183,69.30000305175781,69.4000015258789,68.69999694824219,69.0,58.85262298583984,238140,0.0058309261629182,0.0058309115831642,-0.0033807172139076,0.003071684282816,-0.0027592273003482,-0.0016079246165154,0.9871758740114608,0.048350067937809,0.0141446148236263,-0.010961665187943899,-0.0103021457259793,-0.0057194162506339,-0.0061888147285798995,0.0029885064638586,-0.0061561552753135,-0.0032286257782941,0.0059486954141443,-0.0031959663250278
33,2019-09-12,0.00344754309723,0.0070999999999999,0.0839740387686265,-0.0052019144386262,69.0999984741211,69.30000305175781,68.80000305175781,68.80000305175781,58.682037353515625,215010,-0.0028985064962635,-0.002898522167232,-0.0036524569027699,-0.0033679206451781,-0.000469398477946,-0.0017007911687161,0.9786329586935948,0.0485920916000566,0.0144826827682537,-0.0032286257782941996,-0.011431063665889899,-0.0107715442039253,-0.0015942230114867999,-0.0107388847506589,-0.0188645319933746,0.0087079227144925,-0.0004367390246796,-0.0085623862673953
34,2019-09-16,0.0065185641625443,0.0072,-0.1879674549208154,0.2650192890990028,68.9000015258789,69.0999984741211,68.5,68.5,58.42615509033203,170001,-0.0043605092798051,-0.0043604870369802,-0.0006814358374556,0.0048168341554583,0.0091773211924385,-0.001676869677595,0.9888648004830828,0.0494195485974322,0.0147878843158825,0.0087079227144925,0.0059486954141443,-0.002253742473451399,-0.0113984042126235,-0.019524051455339198,-0.014343460030241497,3.265945326639923e-05,-0.0080929877894493,-0.0029123963643516
35,2019-09-17,-0.0021682511647954,0.0074,0.0446186706691641,-0.0154911524231925,69.0,69.0,68.0,68.5,58.42615509033203,181002,0.0,0.0,-0.0095682511647954,-0.0091446617391721,-0.0091446617391721,-0.0017371879245292,0.9876317203879644,0.0493518784113621,0.0146854301794085,3.265945326639923e-05,-0.0004367390246796006,-0.0031959663250278004,-0.0113216135677435,-0.006141022142645799,0.012163849994410001,-0.0172703089818878,-0.01208971755679,0.0062151545802657
36,2019-09-18,0.0050531238505218,0.0072,0.0205205511485851,0.1437812731898173,68.5999984741211,69.30000305175781,68.5999984741211,69.0,58.85262298583984,261199,0.0072992700729927,0.0072992634009281,-0.0021468761494781,-0.0008263838417875,-0.0081256472427157,-0.0013187226715825,1.020118071803264,0.0473037616391102,0.0134857158714181,-0.0172703089818878,-0.0080929877894493,-0.0085623862673953,-0.0033817948422976,0.0149230772947582,0.0205168974712077,-0.0029450558176179,0.0153598163194378,0.0209536364958873
37,2019-09-19,-0.0031794828997806,0.0072,0.0836076138431957,-0.0542577841933545,69.5,70.0,68.69999694824219,68.80000305175781,58.682037353515625,158300,-0.0028985064962635,-0.002898522167232,-0.0103794828997806,0.0022820692578657,0.0051805914250977,-0.0013868694240202,0.9996847249143904,0.0484506862097903,0.0147112793709896,-0.0029450558176179996,-0.012089717556790098,-0.0029123963643516004,0.0153924757727042,0.020986295949153702,0.0256624584181808,0.0234854635621535,0.029079283738603,0.0337554462076301
38,2019-09-20,0.0032116748279181,0.0073,0.081195578407846,-0.0070300127529034,68.80000305175781,68.80000305175781,67.69999694824219,68.0,57.99968719482422,148005,-0.0116279508179087,-0.0116279220944691,-0.0040883251720819,0.0066769500425867,0.0183048721370558,-0.0015346586897322,0.9830156569131993,0.0488226321801954,0.0151974413075074,0.023485463562153502,0.015359816319437801,0.006215154580265702,0.011808974756715203,0.016485137225742304,0.037122656296254705,0.0238986923135053,0.0285748547825324,0.0492123738530448
39,2019-09-23,-0.0009763221114218,0.0073,0.0450171283183689,0.0290326481635717,68.0,68.5,67.80000305175781,67.9000015258789,57.91439437866211,87002,-0.0014705657958984,-0.0014705737269858,-0.0082763221114218,0.0041232464494636,0.0055938201764495,-0.0014829389695185,0.9860541275534406,0.0486948311701324,0.0149488813996339,0.0238986923135053,0.029079283738603003,0.0209536364958873,0.0256297989649144,0.0462673180354268,0.0647069211513662,0.0102699826454766,0.030907501715989,0.0493471048319284
40,2019-09-24,-9.247768282766346e-05,0.0074,-0.0634573207126373,0.029608314209516,67.9000015258789,68.0999984741211,67.69999694824219,67.80000305175781,57.8291015625,93001,-0.0014727315445343,-0.0014727394989998,-0.0074924776828276,0.0032034229700273,0.0046761624690271,-0.0016820927495978,0.9657495581953164,0.0488079834092111,0.0153488826602944,0.0102699826454766,0.0285748547825324,0.0337554462076301,0.054392965278142504,0.0728325683940819,0.09139768117562891,0.0253136815395395,0.0437532846554789,0.0623183974370259
41,2019-09-25,-0.0040592870760235,0.0070999999999999,-0.0189586771221309,-0.0592255681836026,67.5999984741211,67.5999984741211,67.0,67.0,57.14674758911133,107001,-0.0117994545095683,-0.0117994911722985,-0.0111592870760235,0.0088380278982139,0.0206375190705124,-0.0016704168533563,0.9668015382659184,0.0487471724121282,0.0153164208693682,0.0253136815395395,0.030907501715989,0.049212373853044805,0.0676519769689842,0.0862170897505312,0.0841940620762372,0.0390771221864518,0.0576422349679988,0.0556192072937048
42,2019-09-26,-0.0001563586275969,0.00723,-0.0557011953850711,0.1092232653354413,67.0999984741211,67.19999694824219,66.30000305175781,66.30000305175781,56.5496940612793,251007,-0.0104477156454057,-0.0104477254265611,-0.0073863586275969,0.0079918776893783,0.0184396031159394,-0.0017096041377279,0.9638102923518346,0.0488066050536815,0.0154117801483067,0.039077122186451804,0.0437532846554789,0.049347104831928404,0.0679122176134754,0.0658891899391814,0.0700041235257703,0.0370047158974864,0.0349816882231924,0.0390966218097812
43,2019-09-27,-0.0038917020676879,0.0072,-0.2506959496897183,0.1606078903092112,66.5,66.5,65.0999984741211,65.0999984741211,55.52616882324219,223001,-0.0180996157224898,-0.0180995716250557,-0.0110917020676878,0.0004655411564913,0.018565112781547,-0.0012639381036182,1.0029928709415568,0.0468912691635196,0.0133256309046042,0.0370047158974864,0.05764223496799881,0.0623183974370259,0.0602953697627319,0.0644103033493208,0.0635164323642405,0.016542085107253,0.0206570186938419,0.0197631477087616
44,2019-10-01,0.0127400539172225,0.0073,-0.2298777202853502,0.4813343692876559,65.0999984741211,66.30000305175781,65.0999984741211,65.69999694824219,56.03792953491211,81010,0.0092165666387781,0.0092165680167675,0.0054400539172225,0.0071935403424734,-0.002023027674294,-0.0012514465539992,1.0035924902486002,0.0469500844263385,0.0133445834533998,0.016542085107253,0.0349816882231924,0.05561920729370481,0.059734140880293704,0.058840269895213404,0.049824193470292,0.0020919059122949,0.0011980349272146,-0.0078180414977068
45,2019-10-02,-0.0018026201700775,0.0073,0.0597783390320907,0.0234960439309801,65.80000305175781,66.30000305175781,65.30000305175781,65.5999984741211,55.95263671875,43012,-0.0015220468609743,-0.0015220550950043,-0.0091026201700775,0.0025928784915845,0.0041149335865889,-0.0014315941128311,0.986273965406764,0.0465544681223363,0.013683131060817,0.0020919059122949,0.0206570186938419,0.039096621809781296,0.038202750824700996,0.029186674399779594,0.043487767681394195,0.0032210626015086,-0.0057950138234128,0.0085060794582018
46,2019-10-03,-0.0065738505841197,0.0073,0.0739171386790305,-0.1202611261940047,65.5,66.0999984741211,65.5,65.5999984741211,55.95263671875,45003,0.0,0.0,-0.0138738505841197,-0.0008938709850803,-0.0008938709850803,-0.0014970189532346,0.9816739009646562,0.0471231117776216,0.0139016659303519,0.0032210626015086,0.0011980349272146,0.0197631477087616,0.0107470712838402,0.0250481645654548,0.0268630421783933,-0.0099099474100017,0.0043911458716129,0.0062060234845514
47,2019-10-04,0.0017074720398759,0.0073,0.0001576909833284,0.0289206605634914,65.5999984741211,65.5999984741211,65.19999694824219,65.5,55.86734390258789,97001,-0.0015243670190105,-0.0015243752781631,-0.0055925279601241,-0.0105404517030846,-0.0090160764249214,-0.0015039050721796,0.9795843737919696,0.0471975463738467,0.0139742730626876,-0.0099099474100017,-0.0057950138234128,-0.0078180414977068,0.0064830517839078,0.0082979293968463,0.024951240457263997,0.0052850168566932,0.0070998944696317,0.0237532055300494
48,2019-10-07,0.0037247394842643,0.0070999999999999,-0.0226172153343471,0.0509828751259073,65.4000015258789,65.69999694824219,65.0,65.0,55.44087219238281,122000,-0.0076335877862595,-0.0076336492915912,-0.0033752605157356,0.0066674439900234,0.0143010932816146,-0.0014976142660478,0.9799573473718176,0.0472375460191916,0.0139876824331952,0.005285016856693201,0.004391145871612901,0.008506079458201801,0.0103209570711403,0.026974268131558,0.0340111782957243,0.0161159708945531,0.0327692819549708,0.0398061921191371
49,2019-10-08,0.0075216782744649,0.0070999999999999,-0.31144700280841,0.3660804612001417,65.19999694824219,65.4000015258789,65.0999984741211,65.0999984741211,55.52616882324219,58001,0.0015384380634014,0.0015385153134566,0.0004216782744649,0.0033533929263951,0.0018148776129385,-0.0014887031420548,0.982246777655984,0.0471176115163617,0.0139000820563107,0.016115970894553102,0.0070998944696317005,0.0062060234845514005,0.0228593345449691,0.0298962447091354,0.020279821509157497,0.0184681886733562,0.0255050988375225,0.0158886756375446
50,2019-10-09,-0.0115590479292838,0.0069999999999999,0.114063436700503,-0.2972747802039922,65.0,65.0,64.0,64.0,54.58794021606445,178028,-0.0168970583702605,-0.016897052814222,-0.0185590479292837,-0.0002437417538043,0.0166533110604177,-0.0018001738963354,0.9531273697841856,0.0463982141987305,0.0144614419125092,0.0184681886733562,0.0327692819549708,0.0237532055300494,0.0307901156942157,0.021173692494237797,0.031861231819929794,0.0236902212245839,0.014073798024606,0.024761337350298
51,2019-10-14,0.016252606530223,0.0070999999999999,-0.1397437641957649,0.467953349954659,64.5999984741211,64.69999694824219,64.0999984741211,64.0999984741211,54.67323303222656,150000,0.001562476158142,0.0015624846041912,0.009152606530223,0.0085993947683576,0.0070369101641663,-0.0017917639297742,0.9552826341380762,0.0462974058442459,0.0143699003557119,0.023690221224583998,0.0255050988375225,0.0398061921191371,0.0301897689191592,0.040877308244851196,0.039405335006173096,-0.0025795130358115,0.0081080262898804,0.0066360530512023
52,2019-10-15,0.0040525717188097,0.0069,-0.0918873175424587,0.1908750912861809,64.0999984741211,65.0,64.0999984741211,64.4000015258789,54.92911529541016,203001,0.0046802349282259,0.0046802109367261,-0.0028474282811903,-0.0049362122632518,-0.0096164231999779,-0.0017698581255723,0.95578083959433,0.0461019969147723,0.0142850803160429,-0.0025795130358115996,0.014073798024606099,0.0158886756375446,0.0265762149632366,0.0251042417245585,0.0305557721148126,0.0010711161257141,-0.0004008571129639,0.0050506732772901
53,2019-10-16,0.004592439958824,0.0067,-0.0402774248212383,0.1142773932728112,64.4000015258789,64.69999694824219,64.0999984741211,64.19999694824219,54.758522033691406,144001,-0.0031056610698424,-0.0031056983314095,-0.002107560041176,0.0075818409942825,0.010687539325692,-0.0017735807330327,0.959583717990364,0.046323674644785,0.0143135220982083,0.001071116125714101,0.008108026289880402,0.024761337350298097,0.023289364111619998,0.028740894501874097,0.026290692787211897,0.0092155660870139,0.014667096477268,0.0122168947626058
54,2019-10-17,0.0021544540693697,0.0066,0.095942045285903,-0.1396856639506322,64.4000015258789,64.5,64.0999984741211,64.5,55.014408111572266,109002,0.0046729449535593,0.0046729909496721,-0.0044455459306303,0.0032010177109939,-0.0014719732386781,-0.0017359240064939,0.9704404159358924,0.0464125339456498,0.0140030545522572,0.009215566087013901,-0.00040085711296399896,0.006636053051202302,0.012087583441456402,0.009637381726794202,0.010419534414766002,0.003979557151576,0.0015293554369137,0.0023115081248856
55,2019-10-18,-0.0005953542292192,0.0067,0.0331664892922304,-0.0051746736316846,64.69999694824219,64.80000305175781,64.4000015258789,64.5999984741211,55.099700927734375,110250,0.0015503639398619,0.0015503723313559,-0.0072953542292192,0.00700190272161,0.0054515303902541,-0.0016916991361796,0.9796622299525122,0.0469760245533055,0.0139269426810665,0.003979557151576,0.014667096477268,0.005050673277290101,0.002600471562627901,0.003382624250599701,-0.012216796276603999,0.0030013286755919,0.0037834813635637,-0.01181593916364
56,2019-10-21,0.0003515730601574,0.0067,0.1463024472780787,-0.1985595849114499,64.69999694824219,64.9000015258789,64.5,64.9000015258789,55.355587005615234,92302,0.0046440101988236,0.0046440556586044,-0.0063484269398426,0.0021938539439422,-0.0024502017146622,-0.0016598893589047,0.9822349773494818,0.0467769997908307,0.0138966545720318,0.0030013286755919003,0.0015293554369137999,0.0122168947626058,0.012999047450577601,-0.002600373076626099,-0.012381323505402799,-0.0016680490266904,-0.0172674695538941,-0.0270484199826708
57,2019-10-22,0.0077877716530001,0.0067,-0.0990773017689845,0.2308350463062906,65.0999984741211,65.5,65.0999984741211,65.0999984741211,55.52616882324219,120005,0.0030816170036981,0.0030815646053874,0.001087771653,0.0038637172933592,0.0007821526879718,-0.0016469434276883,0.9847445566797232,0.0466626613613796,0.0137916792206268,-0.0016680490266904,0.0037834813635637004,0.0023115081248856,-0.0132879124023181,-0.0230688628310948,-0.005581828252096001,-0.0148172678392319,-0.0245982182680086,-0.0071111836890098
58,2019-10-23,-0.002801825718088,0.0069,0.0030940540452665,-0.0477693727405392,65.19999694824219,66.0999984741211,65.19999694824219,65.5999984741211,55.95263671875,165004,0.0076804917314823,0.0076804847974547,-0.009701825718088,-0.007918935729749,-0.0155994205272037,-0.0017129593648298,0.971570639125307,0.0469706116875017,0.0141449901342035,-0.0148172678392319,-0.0172674695538941,-0.01181593916364,-0.0215968895924167,-0.004109855013417901,0.012784077158562598,-0.0253803709559804,-0.0078933363769816,0.0090005957949989
59,2019-10-24,0.0071594385886624,0.0069,0.0720713296766602,0.1530839165433552,65.5,66.30000305175781,65.5,66.0999984741211,56.37910461425781,82057,0.0076219513968014,0.0076219445680725,0.0002594385886623,-0.0021590058607042,-0.0097809504287767,-0.0017383570153299,0.9698475717611968,0.0470042895129812,0.0142031477946346,-0.0253803709559804,-0.0245982182680086,-0.027048419982670803,-0.009561385403672004,0.0073325467683084955,0.016893904805576496,0.007706084150222,0.0246000163222026,0.0341613743594706
60,2019-10-25,-0.0021218405422512,0.0069,-0.0314229337796199,-0.0260917577954834,66.19999694824219,66.30000305175781,65.30000305175781,65.30000305175781,55.69676208496094,95301,-0.0121028054588607,-0.012102755692298,-0.0090218405422512,0.0053842788867008,0.0174870345789988,-0.0019368134961828,0.9513825249920682,0.0474626131364322,0.0148328394362018,0.007706084150222099,-0.0078933363769816,-0.007111183689009801,0.009782748482970699,0.0193441065202387,0.0091969024708984,0.0343809667509793,0.0439423247882473,0.033795120738907
61,2019-10-28,0.0016730889780238,0.0069,-0.0222114704607579,0.1156020221909852,65.4000015258789,65.5,64.5,64.5999984741211,55.099700927734375,107002,-0.0107198245776785,-0.0107198539892821,-0.0052269110219761,0.0061740781826984,0.0168939321719805,-0.0018623520659844,0.9563821154615416,0.0464164818176337,0.0144897397121999,0.0343809667509793,0.0246000163222026,0.0090005957949989,0.0185619538322669,0.008414749782926601,0.021808168632533202,0.0264552902092485,0.0163080861599082,0.0297015050095148
62,2019-10-29,0.0016659790896019,0.0069,-0.1946008033994926,0.1298100992513109,64.5999984741211,64.80000305175781,64.19999694824219,64.30000305175781,54.84382629394531,90100,-0.0046438920967383,-0.0046438479607112,-0.0052340209103981,0.0049175100765568,0.009561358037268,-0.0018201081130033,0.9663853772597096,0.0463139143667398,0.0143697893819852,0.0264552902092485,0.0439423247882473,0.0341613743594706,0.0240141703101303,0.0374075891597369,0.0492907752820761,-0.0005858460120722,0.0128075728375343,0.0246907589598735
63,2019-10-30,0.0040948198426608,0.0069,0.0184542304646861,0.1358284137214826,64.4000015258789,64.4000015258789,64.0,64.19999694824219,54.758522033691406,104065,-0.0015553048020095,-0.0015554031514267,-0.0028051801573392,-0.0117026072007671,-0.0101472040493403,-0.0021229338587205,0.9335322884613424,0.0465469057221283,0.0147657714929707,-0.000585846012072299,0.0163080861599082,0.033795120738907,0.0471885395885136,0.0590717257108528,0.0759596743865227,0.0032462148002663,0.0151294009226055,0.0320173495982754
64,2019-10-31,-0.0018954113590986,0.0069,0.0280227598045523,-0.0098500746372564,64.19999694824219,64.30000305175781,63.79999923706055,63.79999923706055,54.41735076904297,123281,-0.0062304942398068,-0.0062304688289162,-0.0087954113590986,0.0071629500206904,0.0133934188496066,-0.00209567260325,0.9342976346875204,0.0464058466140022,0.0147534754995207,0.0032462148002663,0.0128075728375343,0.0297015050095148,0.041584691131854,0.0584726398075239,0.0550572755896683,0.0252766049719458,0.0421645536476157,0.0387491894297601
65,2019-11-08,-0.0023279535237221,0.00683,0.149580372438293,-0.2073802511433449,64.0,64.0999984741211,63.5,63.5,54.16147232055664,79002,-0.0078125,-0.0078124929026412,-0.0091579535237221,0.0040706932196979,0.0118831861223392,-0.002194794639445,0.9253385219541,0.0466006736520262,0.0150184221040919,0.0252766049719458,0.0151294009226055,0.0246907589598735,0.0415787076355434,0.0381633434176878,0.048679510181168804,0.0287711347980091,0.0253557705801535,0.0358719373436345
66,2019-11-11,-0.0131490339954234,0.00673,0.0502309864307937,-0.1829555141433784,63.5,63.5,62.5,62.5,53.308536529541016,189932,-0.0157480314960629,-0.0157480170769268,-0.0198790339954234,0.001139931598743,0.0168879486756699,-0.0021260255755043,0.9327303585248252,0.0465431399469514,0.0147701528976029,0.0287711347980091,0.0421645536476157,0.0320173495982754,0.028601985380419803,0.039118152143900804,0.051737241840233206,0.0134725844578142,0.0239887512212952,0.0366078409176277
67,2019-11-12,0.0081462816630467,0.00673,-0.0836681114122146,0.2024875626067867,62.5,62.900001525878906,62.400001525878906,62.79999923706055,53.564414978027344,85065,0.0047999877929687,0.0047999525994215,0.0014162816630466,0.0013845883815659,-0.0034153642178556,-0.0021126711737422,0.932869509720048,0.0465819087174947,0.0147713674029034,0.013472584457814298,0.0253557705801535,0.0387491894297601,0.0492653561932411,0.0618844458895735,0.0502046367786415,0.0071008025456253,0.0197198922419577,0.0080400831310257
68,2019-11-13,-0.004560620755067,0.00678,0.0408615210968278,-0.0826178347478133,62.59999847412109,62.79999923706055,62.20000076293945,62.29999923706055,53.13794708251953,138064,-0.0079617835362159,-0.0079617764085121,-0.011340620755067,0.0025543903549688,0.010516166763481,-0.0020510927090762,0.9393624302301844,0.0465948179936179,0.0145607221346336,0.007100802545625399,0.023988751221295297,0.0358719373436345,0.048491027039966904,0.036811217929034905,0.047461531177534905,0.0231352564598134,0.0114554473488813,0.0221057605973813
69,2019-11-14,-0.001518173545596,0.00673,-0.009861816810538,-0.0158350962283291,62.29999923706055,62.400001525878906,60.400001525878906,61.0,52.02913284301758,344080,-0.0208667616850822,-0.0208667120274714,-0.008248173545596,-0.0082476223311389,0.0126190896963324,-0.0020756647172497,0.9370301766885838,0.0466647278375945,0.0146221816075052,0.0231352564598134,0.019719892241957797,0.0366078409176277,0.0249280318066957,0.0355783450551957,0.038417628599859796,0.0009392805854003,0.0115895938339003,0.0144288773785644
70,2019-11-15,0.0065656707800188,0.00683,-0.0566537761328976,0.2015694824493674,61.400001525878906,61.59999847412109,60.70000076293945,61.400001525878906,52.37030792236328,135010,0.0065574020635886,0.0065573854627771,-0.0002643292199812,-0.0051224236481548,-0.011679809110932,-0.0020296986872135,0.9333477726825944,0.0463856836513601,0.014508721623999,0.000939280585400399,0.011455447348881398,0.008040083131025796,0.018690396379525798,0.021529679924189898,-0.015062992845410999,-0.001029495862432,0.001809787682232,-0.0347828850873688
71,2019-11-18,0.0064361652822089,0.00678,-0.0978793383574131,0.1679647390377499,61.5,61.70000076293945,61.0,61.29999923706055,52.28501129150391,77014,-0.0016287017318103,-0.0016287212018271,-0.0003438347177911,0.0090215920466729,0.0106503132485,-0.0020655494688519,0.930018049312271,0.0461019588848944,0.0144537986206487,-0.0010294958624320009,0.011589593833900399,0.022105760597381396,0.024945044142045496,-0.0116476286275554,-0.0377745346064425,0.0134895967931641,-0.0231030759764367,-0.0492299819553238
72,2019-11-19,0.0048811370433589,0.00678,-0.1215021550449128,0.1617873420770181,61.29999923706055,61.70000076293945,61.20000076293945,61.400001525878906,52.37030792236328,62052,0.0016313587285968,0.0016313782621908,-0.0018988629566411,0.004470661806855,0.0028392835446641,-0.0021079928958877,0.9298803752103731,0.0464529935700659,0.0146306936033939,0.0134895967931641,0.0018097876822320991,0.014428877378564499,-0.022163795391036398,-0.0482907013699235,-0.0684674877593145,-0.0337533892249368,-0.0598802952038239,-0.0800570815932149
73,2019-11-20,-0.0021619191575443,0.00652,0.0841432288126157,-0.1193485571085355,61.59999847412109,64.0,61.5,64.0,54.58794021606445,327411,0.0423452509691753,0.0423452215898503,-0.0086819191575443,0.0057525488202493,-0.0365926727696009,-0.0021199594220421,0.9354010723329884,0.0462785347936708,0.0143366324698701,-0.0337533892249368,-0.023103075976436797,-0.0347828850873688,-0.060909791066255894,-0.0810865774556469,-0.0653750659174328,-0.0627195787484879,-0.0828963651378789,-0.0671848535996648
74,2019-11-21,-0.0062702612660636,0.00658,0.0140218636852496,-0.1791450143355,63.900001525878906,65.5,63.20000076293945,64.4000015258789,54.92911529541016,730583,0.0062500238418579,0.0062500082984502,-0.0128502612660636,-0.0198768976804369,-0.0261269059788871,-0.0020855917707072,0.9375882696219452,0.0458587447699059,0.01414505240022,-0.06271957874848799,-0.0598802952038239,-0.049229981955323895,-0.0694067683447149,-0.05369525680650081,-0.0778056659233102,-0.046303692368278,-0.0305921808300639,-0.0547025899468733
75,2019-11-22,0.000738023405185,0.00668,0.0678967547681083,-0.0117609518119583,64.80000305175781,66.5999984741211,64.19999694824219,66.4000015258789,56.634986877441406,927084,0.0310558998852866,0.0310558721519,-0.005941976594815,0.010879085762509,-0.020176786389391,-0.0021199542564954,0.9366025021959108,0.0455327366399975,0.0139863950268988,-0.046303692368278096,-0.08289636513787899,-0.0800570815932149,-0.0643455700550008,-0.0884559791718102,-0.0834589699269753,-0.0044652748511769,-0.0285756839679863,-0.0235786747231514
76,2019-11-25,-0.0004512679955249,0.00668,0.0723945906603706,-0.0273083095649602,66.30000305175781,66.80000305175781,65.19999694824219,65.19999694824219,55.6114616394043,307010,-0.0180723576816338,-0.0180723135021118,-0.0071312679955249,-0.0023608019638976,0.0157115115382141,-0.0021190413975582,0.9393444364708348,0.0454474476542684,0.0139016327479053,-0.0044652748511769015,-0.030592180830063997,-0.06718485359966489,-0.09129526271647428,-0.08629825347163939,-0.10519955288598788,-0.0083988975785952,-0.0034018883337603,-0.0223031877481089
77,2019-11-26,0.0013181791997302,0.00668,0.0359211965708063,0.0197923079604376,65.19999694824219,66.0,65.19999694824219,65.30000305175781,55.69676208496094,185079,0.001533836015284,0.0015338644776097,-0.0053618208002698,-0.0225765446391997,-0.0241104091168094,-0.0022543134688041,0.9271295932440256,0.0452269679788008,0.0143180789492119,-0.008398897578595299,-0.0285756839679863,-0.054702589946873395,-0.049705580702038496,-0.06860688011638699,-0.062034460032963396,-0.0191133998719745,-0.038014699286323,-0.0314422792028993
78,2019-11-27,0.0061018178161776,0.00663,-0.0891977844962338,0.1656975577554794,65.5,66.0,64.80000305175781,64.80000305175781,55.27029037475586,113001,-0.0076569674828911,-0.0076570287794204,-0.0005281821838224,-0.0026600195345855,0.0049970092448349,-0.0022193158923645,0.9328131549857264,0.0451760620317392,0.0141817882845185,-0.0191133998719745,-0.003401888333760399,-0.0235786747231514,-0.042479974137499904,-0.03590755405407631,-0.007145453385233608,-0.0139042901695136,-0.00733187008609,0.0214302305827527
79,2019-11-28,-0.0026082839446871,0.00663,0.0165830734691833,-0.0129466306412036,65.0,65.5,64.5999984741211,65.19999694824219,55.6114616394043,98009,0.0061727450254112,0.0061727785820402,-0.0092382839446871,-0.0127285208323083,-0.0189012994143485,-0.0022219940122973,0.932541698972454,0.0451828074897075,0.0141894334705244,-0.0139042901695136,-0.038014699286323,-0.0223031877481089,-0.0157307676646853,0.0130313330041574,0.006271189789829599,-0.0123288793309249,0.0164332213379178,0.00967307812359
80,2019-11-29,-0.0109760597988044,0.00663,0.0805010454855167,-0.2771523527661742,65.69999694824219,65.69999694824219,64.5999984741211,64.80000305175781,55.27029037475586,72002,-0.0061348760001001,-0.0061349091462594,-0.0176060597988043,0.0004375109371641,0.0065724200834236,-0.0022183305653386,0.9348709488937714,0.0451527116763576,0.0141472145095153,-0.0123288793309249,-0.0073318700860900005,-0.031442279202899395,-0.0026801785340566965,-0.009440321748384497,-0.015354976849648696,0.0353345207522663,0.0285743775379384,0.0226597224366742
81,2019-12-02,0.0011540697575586,0.00668,-0.107128825139473,0.1031715489828205,65.0,65.0,63.59999847412109,63.79999923706055,54.41735076904297,99032,-0.0154321569074392,-0.0154321535119428,-0.0055259302424414,0.0133299471568998,0.0287621006688427,-0.0023230686293328,0.93345425554627,0.0456249341112759,0.0144466029872112,0.0353345207522663,0.0164332213379178,0.0214302305827527,0.014670087368424898,0.008755432267160699,0.0207407594662139,0.0220019574545149,0.0160873023532507,0.0280726295523039
82,2019-12-03,0.002499384916993,0.00663,0.0813578452567283,-0.0322253129246204,63.29999923706055,63.79999923706055,63.20000076293945,63.5,54.16147232055664,53229,-0.0047021824552982,-0.0047021482095356,-0.004130615083007,-0.0114622914238634,-0.0067601432143278,-0.0022988369818275,0.9354908705256328,0.0456034670825189,0.0144163803699314,0.0220019574545149,0.028574377537938497,0.00967307812359,0.0037584230223257995,0.015743750221379,0.0278266092663191,-0.012674798315592,-0.0006894711165388,0.0113933879284013
83,2019-12-04,-0.0018306555926837,0.00663,-0.0136407427271242,-0.0533956321610827,63.5,63.5,62.79999923706055,63.29999923706055,53.99088668823242,135001,-0.0031496183140071,-0.0031495752426116,-0.0084606555926837,-0.0090642303438758,-0.0059146551012642,-0.0023732125447045,0.92828208787198,0.0458824085049479,0.0146633785970393,-0.012674798315592,0.0160873023532507,0.022659722436674298,0.034645049635727496,0.0467279086806676,0.0434285163466629,0.006070672097789,0.0181535311427291,0.0148541388087244
84,2019-12-05,0.0073133995451321,0.00652,-0.1262110184252525,0.3148105778430455,63.29999923706055,63.5,62.79999923706055,62.79999923706055,53.564414978027344,70000,-0.0078988942500217,-0.0078989573308495,0.000793399545132,0.0040863698682037,0.0119853271990532,-0.0023384781706196,0.9312912548471568,0.0456888097762964,0.0145372163192773,0.006070672097789,-0.0006894711165388,0.0280726295523039,0.040155488597244,0.0368560962632393,0.024127423631053503,0.0240681862439933,0.0207687939099886,0.0080401212778027
85,2019-12-06,0.0012927735901911,0.00647,-0.0205832351526272,0.0452000343696696,63.0,63.5,62.79999923706055,63.29999923706055,53.99088668823242,95000,0.0079617835362159,0.0079618476255181,-0.0051772264098089,0.0200447066704582,0.0120828590449401,-0.0018378279990924,0.9668457890680902,0.0461821011869317,0.0131411819984455,0.0240681862439933,0.0181535311427291,0.0113933879284013,0.0080939955943966,-0.004634677037789201,-0.0338032251362335,0.0087834667109354,-0.0039452059212504,-0.0331137540196947
86,2019-12-09,0.0044040887022175,0.00663,-0.0820677991607061,0.1350843767214108,63.29999923706055,63.29999923706055,63.09999847412109,63.20000076293945,53.90559005737305,35018,-0.0015797547444921,-0.0015798338588495,-0.0022259112977825,-0.0048792261928543,-0.0032993923340047,-0.0017148769373184,0.9699447086186908,0.0451956705035511,0.0123694506705501,0.0087834667109354,0.0207687939099886,0.0148541388087244,0.002125466176538599,-0.0270430819219057,-0.0287484264280113,-0.0160280649661905,-0.0451966130646348,-0.0469019575707404
87,2019-12-10,-0.0028239720724906,0.00652,0.0662206216341455,-0.1535551887937063,63.20000076293945,63.59999847412109,63.20000076293945,63.29999923706055,53.99088668823242,60001,0.0015822543182583,0.0015823336831781,-0.0093439720724906,-0.0111463389490077,-0.0127286726321858,-0.0014640920025824,0.9858728395369822,0.046281528666809,0.0122340371447508,-0.0160280649661905,-0.003945205921250401,0.008040121277802799,-0.0211284268206415,-0.0228337713267471,-0.0136186384604656,-0.0418972207306301,-0.0436025652367356,-0.0343874323704542
88,2019-12-11,0.0062719893359384,0.00658,-0.1442447408022215,0.2735097829388086,63.400001525878906,65.5,63.400001525878906,65.0999984741211,55.52616882324219,164000,0.0284360072473222,0.0284359496423012,-0.0003080106640616,-0.0007325984561431,-0.0291685480984443,-0.001570679344148,0.9832306776693728,0.0454603565233485,0.0121068262753844,-0.0418972207306301,-0.0451966130646348,-0.0331137540196947,-0.0348190985258003,-0.0256039656595188,-0.0328295219546257,-0.0308738926045499,-0.0216587597382683,-0.0288843160333752
89,2019-12-12,0.0115932879681725,0.00658,-0.3388663195828779,0.5759111425124507,65.30000305175781,66.4000015258789,65.30000305175781,65.5,55.86734390258789,573164,0.0061444168241865,0.006144401578142,0.0050132879681724,0.0044390570720363,-0.0017053445061056,-0.0015722693054746,0.983126867142308,0.0454571443447897,0.0121085811385641,-0.0308738926045499,-0.043602565236735696,-0.0469019575707404,-0.0376868247044589,-0.0449123809995658,-0.0494922765850435,0.0075097883601759,0.000284232065069,-0.0042956635204086
90,2019-12-13,0.0077143720379713,0.00658,-0.2406732452309651,0.3265755951730683,65.5999984741211,66.0,65.0,65.0,55.44087219238281,204141,-0.0076335877862595,-0.0076336492915912,0.0011343720379712,0.0015814835746902,0.0092151328662815,-0.0017554890799369,0.9655312185044816,0.0460972394567626,0.0126868163573189,0.0075097883601759,-0.021658759738268397,-0.0343874323704542,-0.041612988665561096,-0.0461928842510388,-0.029674394872385598,0.0019895765711746,-0.002590319014303,0.0139281703643501
91,2019-12-16,0.0010093338822118,0.00647,0.1438093106628114,-0.0739252070909696,65.5999984741211,65.9000015258789,65.30000305175781,65.4000015258789,55.78205108642578,2,0.0061538696289062,0.0061539236406502,-0.0054606661177882,-0.0010716326544566,-0.0072255562951069,-0.0017645460902119,0.9581477086747756,0.0462077999376955,0.01287716743258,0.0019895765711746005,0.00028423206506900025,-0.028884316033375296,-0.033464211618853,-0.016945722240199797,-0.021744314654820296,-0.0118054518805846,0.0047130374980686,-8.555491655190019e-05
92,2019-12-17,0.0131694530588261,0.00652,-0.2151154003985711,0.4473843644679712,65.9000015258789,66.80000305175781,65.5,66.19999694824219,56.46439743041992,706004,0.0122323456222966,0.0122323638285897,0.006649453058826,0.0076524682431119,-0.0045798955854777,-0.0017829978612394,0.9511581520641637,0.0461314638689901,0.0128650948449239,-0.0118054518805846,-0.0025903190143030993,-0.0042956635204086996,0.0122228258582445,0.007424233443623999,0.0117623495974071,0.0119385937931755,0.007140001378555,0.0114781175323381
93,2019-12-18,0.0021030345664258,0.00647,0.0536753586265455,-0.0612975676357906,66.19999694824219,66.5,65.80000305175781,65.80000305175781,56.12322616577149,145001,-0.0060422041529262,-0.0060422368815473,-0.0043669654335741,0.0104762524971058,0.0165184893786532,-0.0018697181537067,0.9478575111022114,0.0470086774009304,0.0132104689487534,0.0119385937931755,0.0047130374980686,0.0139281703643501,0.0091295779497296,0.0134676941035127,0.0108933739015935,0.0117198969640327,0.0160580131178158,0.0134836929158966
94,2019-12-19,-0.0085419863987183,0.00652,0.2566327193695562,-0.3672256968440074,66.19999694824219,66.4000015258789,65.4000015258789,66.0,56.2938117980957,113366,0.0030394671575451,0.003039483721416,-0.0150619863987183,-0.0017591086932045,-0.0047985924146205,-0.0020265583373935,0.9323797331167802,0.0468047333120618,0.0135939889514579,0.0117198969640327,0.007140001378555,-8.555491655190019e-05,0.0042525612372312,0.0016782410353120003,0.0195016634624633,-0.0004604762608373,-0.0030347964627565,0.0147886259643947
95,2019-12-20,-0.0049771868104224,0.00642,0.1791124367759973,-0.2502612713692198,65.69999694824219,66.4000015258789,65.69999694824219,66.0,56.2938117980957,143002,0.0,0.0,-0.0113971868104224,0.0043381161537831,0.0043381161537831,-0.0020114495007556,0.9332868748527828,0.0467285090691734,0.0135291757049685,-0.0004604762608373999,0.0160580131178158,0.0114781175323381,0.0089037973304189,0.026727219757570198,0.028533366872929396,0.0017637959518639,0.0195872183790151,0.0213933654943743
96,2019-12-23,0.0052805391562275,0.00647,-0.1461491064203928,0.2296071974170189,66.0,66.0,65.4000015258789,65.80000305175781,56.12322616577149,40118,-0.0030302567915482,-0.0030302732551854,-0.0011894608437725,-0.0056045934571047,-0.0025743202019192,-0.0020716682739146,0.9313393327913668,0.0469547012659638,0.0133683679879887,0.0017637959518639005,-0.0030347964627565997,0.013483692915896602,0.0313071153430479,0.0331132624584071,0.0181022877641049,0.015249102225232,0.0170552493405913,0.002044274646289
97,2019-12-24,-0.003813816916643,0.00637,0.0553599103479023,-0.1199543422882198,65.4000015258789,65.80000305175781,65.30000305175781,65.5,55.86734390258789,103003,-0.0045593166845574,-0.0045592935521525,-0.010183816916643,0.0132641288749988,0.0178234224271513,-0.0019823842463779,0.9375715374859964,0.046733737786982,0.0131294212132732,0.015249102225232099,0.019587218379015198,0.0147886259643947,0.016594773079753898,0.0015837983854516974,0.006458410164257198,0.0196295695425104,0.0046185948482082,0.0094932066270137
98,2019-12-25,0.0026510515122825,0.00637,0.0188651661454076,0.0860868929942431,65.4000015258789,66.30000305175781,65.4000015258789,65.5999984741211,55.95263671875,166102,0.0015266942613907,0.001526702545781,-0.0037189484877175,0.0033328496611402,0.0018061471153592,-0.0020121089282683,0.9349635130420632,0.0468546021517226,0.0132245009463285,0.019629569542510498,0.0170552493405913,0.021393365494374397,0.006382390800072196,0.011257002578877696,-0.0005774346070300043,-0.013204827578943,-0.0083302158001375,-0.0201646529860452
99,2019-12-26,-0.0005929413869591,0.00647,0.0034503982545909,-0.0144327131902198,65.9000015258789,66.5999984741211,65.80000305175781,66.4000015258789,56.634986877441406,142010,0.0121951687555817,0.0121951385798186,-0.0070629413869591,-0.0028158361144835,-0.0150109746943022,-0.001945969759867,0.9403869186270386,0.0467516542848621,0.0129613086708057,-0.013204827578943,0.004618594848208297,0.002044274646289099,0.006918886425094599,-0.004915550760813101,-0.006474392824217901,-0.0101363629154967,-0.0219708001014044,-0.0235296421648092
100,2019-12-27,0.0075477047260183,0.00647,-0.112328441035679,0.261709551821554,66.5,67.19999694824219,66.0,66.0999984741211,56.37910461425781,335574,-0.0045181181455378,-0.0045180952144886,0.0010777047260182,0.0003565165643169,0.0048746117788055,-0.0017400707442515,0.9519783901485778,0.04530974736383,0.012703426859535,-0.0101363629154967,-0.0083302158001375,0.009493206627013797,-0.002341230558893903,-0.003900072622298703,-0.012109483075021603,-0.0069598254071022,-0.008518667470507,-0.0167280779232299
101,2019-12-30,-0.0031608520514161,0.00652,0.1101576321773843,-0.1082839768555055,66.0999984741211,66.80000305175781,65.80000305175781,66.80000305175781,56.976165771484375,259106,0.0105900846262618,0.0105901142153925,-0.0096808520514161,-0.0012443229705151,-0.0118344371859077,-0.001730958777088,0.9508116564171576,0.0448183958771584,0.0127630075992538,-0.0069598254071022,-0.0219708001014044,-0.020164652986045202,-0.021723495049450002,-0.029932905502172903,-0.00012258605252070398,-0.0133932792493125,-0.0216026897020354,0.0082076297476168
102,2019-12-31,-0.0046651242103499,0.00652,0.0998167757395307,-0.1493855803282731,66.69999694824219,67.5,66.69999694824219,67.30000305175781,57.40263366699219,250121,0.0074850295981662,0.0074850227236815,-0.0111851242103499,0.0059261806602767,-0.0015588420634048,-0.0018203249693158,0.9433201241293095,0.0456822535557156,0.0131183442770125,-0.0133932792493125,-0.008518667470507,-0.0235296421648092,-0.0317390526175321,-0.0019287331678798994,0.0255138162087464,-0.0097682525161277,0.0200420669335244,0.0474846163101508
103,2020-01-02,0.0086137882312605,0.00652,-0.1070383237593922,0.3666569668526177,67.4000015258789,68.19999694824219,67.4000015258789,67.9000015258789,57.91439437866211,285003,0.0089152815291799,0.008915282783692,0.0020937882312604,0.0007058723309691,-0.0082094104527229,-0.0018068584602202,0.9445499864413122,0.0457562456101073,0.0131047187245794,-0.0097682525161277,-0.0216026897020354,-0.0167280779232299,0.0130822415264223,0.0405247909030486,0.0512889668894579,0.0216009089969292,0.0490434583735556,0.0598076343599649
104,2020-01-03,0.0008222168347524,0.00632,-0.1034576292374623,-0.0651973928692733,68.5,68.5,66.5999984741211,67.4000015258789,57.48792266845703,289001,-0.0073637700848862,-0.0073638292307206,-0.0054977831652476,0.0224464902189315,0.0298103194496522,-0.0017221834368664,0.9533001598252572,0.0453915430193821,0.0129182872816415,0.021600908996929298,0.020042066933524498,0.0082076297476168,0.0356501791242431,0.0464143551106524,0.0713413094396071,0.0572528688262785,0.0680170448126878,0.0929439991416425
105,2020-01-06,-0.0129697574727362,0.00623,0.1036864775898509,-0.3607157897753716,66.5,66.80000305175781,66.0,66.0,56.2938117980957,174051,-0.0207715355220186,-0.0207715084305267,-0.0191997574727362,0.0066710409460995,0.0274425493766263,-0.0019009662870548,0.934762001742816,0.0455579392327279,0.013539780481347,0.0572528688262785,0.0490434583735556,0.0474846163101508,0.058248792296560103,0.0831757466255148,0.0709602486311727,0.0382067253630356,0.0631336796919903,0.0509181816976481
106,2020-01-07,-0.0061104189043336,0.00623,0.0364103001693703,-0.1167837115665908,65.5999984741211,65.9000015258789,64.9000015258789,65.0999984741211,55.52616882324219,169001,-0.013636386755741,-0.0136363651764559,-0.0123404189043336,-0.0028721891900466,0.0107641759864093,-0.0018672375442439,0.9355408240421952,0.0460318043165959,0.013505658898009,0.0382067253630356,0.0680170448126878,0.059807634359964904,0.0847345886889196,0.0725190906945775,0.0327059554382899,0.035691130315364,0.0234756323210219,-0.0163375029352657
107,2020-01-08,-0.0053214645280634,0.00623,-0.0400277656145764,0.0524466996634749,64.80000305175781,64.80000305175781,63.900001525878906,64.0,54.58794021606445,201002,-0.0168970583702605,-0.016897052814222,-0.0115514645280634,0.0080299015147326,0.0249269543289547,-0.0018547770010186,0.9364213533533094,0.0460884034709097,0.0134748015685042,0.035691130315364,0.0631336796919903,0.0929439991416425,0.0807285011473004,0.0409153658910128,0.0467813415690717,0.0127114563346126,-0.027101678921675,-0.0212357032436161
108,2020-01-09,0.0129922128536259,0.00627,-0.086832243394501,0.4621072118255441,64.0,64.5,64.0,64.4000015258789,54.92911529541016,90451,0.0062500238418579,0.0062500082984502,0.0067222128536259,-0.0059654896958919,-0.0122154979943421,-0.001882195614024,0.9344910043564392,0.0462806054726327,0.0135545706776698,0.012711456334612601,0.0234756323210219,0.050918181697648196,0.011105046441360594,0.016971022119419494,0.010426669954250194,-0.0520286332506297,-0.0461626575725708,-0.0527070097377401
109,2020-01-10,0.0045127539938447,0.00618,0.0261248118727203,0.1072003829704539,66.0999984741211,67.4000015258789,65.4000015258789,67.0999984741211,57.2320442199707,827336,0.0419254174575943,0.0419254690736474,-0.0016672460061553,0.0021123338173597,-0.0398131352562876,-0.0018851487499888,0.9344049463844202,0.046283695812756,0.0135642812151197,-0.0520286332506297,-0.027101678921675,-0.016337502935265702,-0.010471527257206802,-0.017015879422376104,-0.05469307373550571,-0.0339471595782287,-0.040491511743398,-0.0781687060565276
110,2020-01-13,0.007382296230351,0.00632,0.0975031906263949,0.0832978077465449,68.0,68.0999984741211,67.0999984741211,67.30000305175781,57.40263366699219,667069,0.0029806942203412,0.0029806631817277,0.001062296230351,0.0088466388597866,0.0058659756780589,-0.0018953797836945,0.9338161197351228,0.0462404497119204,0.0135560733169384,-0.033947159578228706,-0.046162657572570806,-0.0212357032436161,-0.0277800554087854,-0.065457249721915,-0.06420587487794739,-0.0006783764871104,-0.03835557080024,-0.0371041959562724
111,2020-01-14,0.0054806692796648,0.00623,-0.0602376926615122,0.1696015746571889,67.69999694824219,68.19999694824219,67.5,67.5,57.573219299316406,378008,0.0029717227217415,0.0029717387762002,-0.0007493307203352,-0.003572613388969,-0.0065443521651693,-0.0017792644700774,0.9404046665093386,0.0459641007105844,0.0132119919415602,-0.0006783764871104003,-0.040491511743398004,-0.052707009737740104,-0.09038420405086971,-0.0891328292069021,-0.0838055828371991,-0.0442215464782989,-0.0429701716343313,-0.0376429252646283
112,2020-01-15,-0.0072192990368521,0.00608,0.1343734321578368,-0.2853007352720239,67.5999984741211,71.9000015258789,67.5999984741211,71.0,60.55849838256836,2054081,0.0518518518518518,0.0518518700115038,-0.0132992990368521,0.0141746756983742,-0.0376771943131296,-0.0018763361544082,0.9318160543872882,0.0462426111825764,0.0133855669802518,-0.0442215464782989,-0.038355570800240005,-0.0781687060565276,-0.07691733121256,-0.071590084842857,-0.05683068620762491,-0.036425819469162,-0.031098573099459,-0.0163391744642269
113,2020-01-16,-0.0020633843169385,0.00608,0.1712470319946541,-0.1729498974323138,71.0,72.4000015258789,70.69999694824219,71.0,60.55849838256836,1187360,0.0,0.0,-0.0081433843169385,0.0012513748439676,0.0012513748439676,-0.0018461865962851,0.9294697866043392,0.0467985979965063,0.0135289440384602,-0.036425819469162006,-0.042970171634331304,-0.03710419595627241,-0.03177694958656941,-0.01701755095133731,0.08402725476032659,0.0065786212136706,0.0213380198489026,0.1223828255605666
114,2020-01-17,0.0019358985398496,0.00587,0.0407672534969209,-0.0857462876341273,71.0,71.0,69.9000015258789,70.30000305175781,59.96144485473633,368544,-0.009859111947073,-0.0098591204170923,-0.0039341014601504,-0.0045318740473892,0.005327246369703,-0.0018144810688018,0.9272439296842958,0.0470790055495128,0.0135331824327828,0.0065786212136706,-0.031098573099459008,-0.037642925264628306,-0.022883526629396207,0.07816127908226769,0.0869687490465025,0.0200866450049351,0.121131450716599,0.1299389206808338
115,2020-01-20,0.0023506402065771,0.00598,0.0516826938139717,0.0162826771191166,70.9000015258789,70.9000015258789,69.69999694824219,69.69999694824219,59.44967651367188,376252,-0.0085349370905983,-0.0085349567927234,-0.0036293597934229,0.0062244418425087,0.0147593986352321,-0.0018121558864412,0.926639879227441,0.0471418070093742,0.0136380134479222,0.0200866450049351,0.021338019848902698,-0.01633917446422691,0.08470563124743699,0.09351310121167179,0.12319525885015449,0.1158042043468959,0.1246116743111308,0.1542938319496135
116,2020-01-30,-0.0575118745154441,0.00563,-0.1042099283262257,-0.9498728100783635,63.09999847412109,63.900001525878906,62.79999923706055,62.79999923706055,53.564414978027344,936248,-0.0989956673356161,-0.0989956864490436,-0.0631418745154441,0.0020491192626202,0.1010448057116639,-0.0018400336195892,0.9237279150638762,0.0473036730788762,0.0137866197834819,0.11580420434689599,0.121131450716599,0.1223828255605666,0.13119029552480138,0.16087245316328408,0.1527685992244807,0.1098522756758987,0.1395344333143814,0.131430579375578
117,2020-01-31,0.0064227844001579,0.00577,-0.0531187658077145,0.1339158864711263,62.79999923706055,63.400001525878906,60.5,61.900001525878906,52.79677581787109,553201,-0.0143311739190359,-0.0143311405617171,0.0006527844001578,-0.0055236705974823,0.0088074699642348,-0.0018357980474109,0.9300744614771786,0.0475131024852907,0.0139450054720731,0.1098522756758987,0.1246116743111308,0.1299389206808338,0.1596210783193165,0.1515172243805131,0.1639321453968707,0.0384896276027175,0.0303857736639141,0.0428006946802717
118,2020-02-03,-0.0121947344749996,0.00567,0.0161187366225816,-0.3158924587231955,61.20000076293945,61.20000076293945,57.900001525878906,59.70000076293945,50.92031478881836,438581,-0.0355412069258138,-0.0355412049312595,-0.0178647344749996,-0.0058590472927768,0.0296821576384827,-0.0018270545828545,0.935539037248557,0.0475448169136419,0.0138988338708315,0.0384896276027175,0.1395344333143814,0.1542938319496135,0.1461899780108101,0.1586048990271677,0.1495379050751969,0.0215783036996793,0.0339932247160369,0.0249262307640661
119,2020-02-04,0.0177015779400414,0.0057199999999999,-0.1036945655290423,0.6024593067042824,65.5999984741211,65.5999984741211,60.59999847412109,60.59999847412109,51.68795776367188,243003,0.0150753383531,0.0150753776373371,0.0119815779400413,0.0069715236985337,-0.0081038539388034,-0.001690419388346,0.9591076778189532,0.0474114609671297,0.0132207359872272,0.0215783036996793,0.0303857736639141,0.131430579375578,0.1438455003919356,0.1347785064399648,0.1511671387473025,0.0043110670775541,-0.0047559268744166,0.0116327054329211
120,2020-02-05,0.0015316993741877,0.00577,-0.0612892133889895,0.0688013402260065,60.79999923706055,60.900001525878906,59.5,60.0,51.17619705200195,215580,-0.0099009651687915,-0.0099009659853424,-0.0042383006258123,0.0025139550310152,0.0124149210163576,-0.0017236623681479,0.9565930447311516,0.0469896961743427,0.0128882487653022,0.004311067077554199,0.0339932247160369,0.0428006946802717,0.0337337007283009,0.050122333035638594,0.0708810645746104,0.0033479270643868,0.0197365593717245,0.0404952909106963
121,2020-02-06,0.0152121435237917,0.0057199999999999,-0.0012583527490311,0.3087498844494231,60.0,60.59999847412109,59.79999923706055,60.400001525878906,51.517372131347656,180113,0.0066666920979817,0.0066666751145854,0.0094921435237917,-0.0024003188373854,-0.0090669939519708,-0.0013241200938127,0.9930563389988304,0.0480948983662119,0.0125751112025734,0.0033479270643868003,-0.0047559268744166005,0.0249262307640661,0.0413148630714038,0.0620735946103756,0.0615574075974743,0.0073216383553669,0.0280803698943387,0.0275641828814374
122,2020-02-07,-0.0116488381664659,0.00563,-0.0337201626070408,-0.2943071568040239,60.400001525878906,60.400001525878906,59.0,59.59999847412109,50.83501815795898,215044,-0.0132450833037652,-0.0132451238321893,-0.0172788381664659,0.0031435084751483,0.0163886323073377,-0.0014906795638605,0.9742756549135396,0.0475615541497896,0.0128239239024543,0.007321638355366901,0.0197365593717245,0.0116327054329211,0.0323914369718929,0.0318752499589916,0.002243022101978902,0.0371473638463095,0.0366311768334082,0.0069989489763954
123,2020-02-10,-0.0033359074372092,0.00563,-0.0585690142642107,-0.0217663915848376,58.79999923706055,58.900001525878906,57.70000076293945,58.29999923706055,49.726200103759766,288019,-0.0218120682943476,-0.0218120912390312,-0.0089659074372092,-0.0010533597000594,0.0207587315389718,-0.0014948697087834,0.9738930887653536,0.0475693087425503,0.0128333030628548,0.0371473638463095,0.0280803698943387,0.0404952909106963,0.039979103897795,0.010346876040782299,0.0262158322285416,0.0202425445260705,-0.0093896833309422,0.0064792728568171
124,2020-02-11,0.0077733869013507,0.00577,-0.0391672912688514,0.2170522083771496,58.59999847412109,58.900001525878906,58.20000076293945,58.400001525878906,49.811500549316406,192068,0.0017153051479765,0.0017154024513967,0.0020033869013507,0.0011992154384954,-0.0005161870129013,-0.000931827598176,1.0106809300489523,0.0474404353547112,0.0103387681068902,0.0202425445260705,0.0366311768334082,0.027564182881437402,-0.002068044975575299,0.013800911212184002,0.011286336314120102,-0.030148414869914,-0.0142794586821546,-0.0167940335802186
125,2020-02-12,0.0094435881783764,0.00577,-0.0464214654982357,0.2236445547104023,58.5,60.0,58.5,59.79999923706055,51.0056037902832,264340,0.0239725629212741,0.0239724406572445,0.0036735881783764,-0.0056597871997681,-0.0296322278570127,-0.0009704402587805,1.0071839121168906,0.047262559521353,0.010413942034377,-0.030148414869914,-0.0093896833309422,0.006998948976395497,0.022867905164154798,0.0203533302660909,0.0220841257223669,-0.0137632716692534,-0.0162778465673173,-0.0145470511110413
126,2020-02-13,0.0014939323306381,0.0057199999999999,0.0144422961318237,0.0634342220597653,60.09999847412109,60.09999847412109,58.79999923706055,59.09999847412109,50.40855026245117,204400,-0.0117056985262573,-0.0117056457225152,-0.0042260676693618,0.0041633104652441,0.0158689561877593,-0.0012654751437649,0.9748411905869224,0.0478406584202309,0.011596953189754,-0.0137632716692534,-0.014279458682154699,0.006479272856817101,0.0039646979587532015,0.005695493415029201,0.0068304991066819015,0.0133543812896954,0.0150851767459714,0.0162201824376241
127,2020-02-14,0.0020285250674898,0.0057199999999999,0.0646003616591438,0.0372978443859487,59.0,59.5,58.79999923706055,59.29999923706055,50.57913589477539,68100,0.003384107751323,0.0033840614625111,-0.0036914749325101,0.0008694865644471,-0.0025145748980639,-0.0014207452286377,0.9601197745745436,0.0476339201258825,0.011917175309185,0.013354381289695402,-0.0162778465673173,-0.0167940335802186,-0.015063238123942599,-0.013928232432289899,-0.014262928665142999,-0.0007837794417879,0.0003512262498648,1.6530017011700106e-05
128,2020-02-17,-0.0044170407868172,0.00563,0.1107480756751564,-0.116988402571433,59.70000076293945,59.70000076293945,59.0,59.0,50.32325744628906,121028,-0.0050590091217582,-0.005058972320497,-0.0100470407868171,-0.0033281768642209,0.001730795456276,-0.0001940951442472,1.15164471208874,0.051232652309899,0.0097094569247996,-0.0007837794417879,0.015085176745971401,-0.0145470511110413,-0.0134120454193886,-0.0137467416522417,-0.0206056576044523,0.0028658011479287,0.0025311049150756,-0.0043278110371349
129,2020-02-18,-0.0097359800907102,0.00522,0.2770400962425255,-0.5164422995311181,59.0,59.20000076293945,58.70000076293945,58.79999923706055,50.15266799926758,98356,-0.0033898434396517,-0.0033898729072449,-0.0149559800907102,-0.0022548672155921,0.0011350056916527,-0.0005412724749868,1.1161188207156747,0.0522540430842869,0.0109363913856646,0.0028658011479287,0.00035122624986480013,0.016220182437624103,0.015885486204771003,0.009026570252560404,0.014492441321859204,0.0008003094587996,-0.006058606493411,-0.0005927354241121
130,2020-02-19,0.0094308145931494,0.00533,-0.0146914754838773,0.2195121984385897,59.0,59.70000076293945,58.79999923706055,59.29999923706055,50.57913589477539,130010,0.0085034014708772,0.0085033939872161,0.0041008145931494,0.0081686977543629,-0.0003346962328531,-0.000694537558625,1.1090015287029198,0.0537031196370439,0.0121143517978167,0.0008003094587996,0.0025311049150756,1.6530017011700106e-05,-0.0068423859351988995,-0.0013765148659000996,-0.0044514134267487,-0.0071936121850637,-0.0017277411157649,-0.0048026396766135
131,2020-02-20,-0.0028701811104212,0.00533,0.0202919023719745,-0.007518399075937,59.5,60.29999923706055,59.5,59.70000076293945,50.92031478881836,161515,0.0067453883815384,0.0067454472680743,-0.0082001811104212,-0.0001134686841363,-0.0068589159522106,-0.0007046442511579,1.1089948255704414,0.0533749763930604,0.0117968961434915,-0.0071936121850637,-0.006058606493411,-0.004327811037134999,0.001138060032163801,-0.0019368385286847993,0.003530908872986601,-0.0013930448829117,-0.0044679434437604,0.000999803957911
132,2020-02-21,-0.0033040458445314,0.00512,0.0225018387724597,-0.0211062719909719,59.900001525878906,59.900001525878906,59.20000076293945,59.20000076293945,50.49384689331055,59075,-0.008375209273203,-0.0083752014746275,-0.0084240458445314,-0.0029093304053287,0.0054658710692988,-0.0007922170640257,1.101818209123537,0.053781963665595,0.0121244654605477,-0.0013930448829117996,-0.0017277411157649,-0.0005927354241121998,-0.0036676339849608,0.0018001134167106004,-0.0036934789083214992,0.0023909725084502,0.0078587199101216,0.0023651275850895
133,2020-02-24,-0.0129620880130079,0.00522,0.0594524072888387,-0.3550773213385533,59.0,59.0,58.20000076293945,58.59999847412109,49.98208236694336,118079,-0.0101351736669904,-0.0101351859256931,-0.0181820880130079,-0.0132100844865418,-0.0030748985608486,-0.0010393174669738,1.073820884311452,0.0536447743212853,0.0126345457307217,0.0023909725084502,-0.0044679434437604,-0.0048026396766135005,0.0006651077250578999,-0.0048284845999742,-0.0215240398074012,0.0023928488408228,-0.0031007434842092,-0.0197962986916363
134,2020-02-25,0.0004647084456124,0.00512,-0.110924154488815,0.0751608540865925,58.0,58.59999847412109,58.0,58.29999923706055,49.726200103759766,99043,-0.0051194410387746,-0.0051194798428971,-0.0046552915543876,0.0003482675587742,0.0054677474016714,-0.000968414325006,1.0785697913176164,0.0529441681064993,0.0121112249500737,0.0023928488408228,0.0078587199101216,0.0009998039579110002,-0.0044937883671210994,-0.0211893435745481,-0.032454869433893196,-2.5844923360699223e-05,-0.0167214001307876,-0.0279869259901327
135,2020-02-26,-0.0092381475267059,0.00517,0.0406425841507055,-0.1811403993848377,58.0,58.5,58.0,58.09999847412109,49.55561447143555,86015,-0.0034305448637521,-0.0034304980466689,-0.0144081475267059,-0.0089240903717011,-0.0054935923250321,-0.0010616262908038,1.0742348475341268,0.0536971962699966,0.0125483351822864,-2.5844923360699226e-05,-0.0031007434842092994,0.0023651275850895,-0.0143304276223375,-0.0255959534816826,-0.0353650246514763,-0.0221891475324591,-0.0334546733918042,-0.0432237445615979
136,2020-02-27,-0.0123714268851617,0.00507,-0.1146729119201301,-0.2752099159310516,58.29999923706055,58.5,57.5,57.59999847412109,49.12914657592773,169578,-0.0086058522053612,-0.0086058441622924,-0.0174414268851617,-0.0253013993697195,-0.016695555207427,-0.0011244822505735,1.0685036964847292,0.0537288677502806,0.0126491243570031,-0.0221891475324591,-0.016721400130787697,-0.0197962986916363,-0.0310618245509814,-0.0408308957207751,-0.032510821809542595,-0.0279610810667721,-0.0377301522365658,-0.0294100783253332
137,2020-03-02,-0.0107782615546481,0.00498,0.0704783654746561,-0.1946187237262403,57.0,58.0,56.29999923706055,57.59999847412109,49.12914657592773,171761,0.0,0.0,-0.0157582615546481,-0.0112655258593451,-0.0112655258593451,-0.0008918989817841,1.0925173054963189,0.0533826326415165,0.0120399441840113,-0.0279610810667721,-0.033454673391804204,-0.027986925990132798,-0.0377559971599265,-0.029435923248694002,-0.0173710757641043,-0.0210345970291388,-0.0127145231179063,-0.0006496756333166
138,2020-03-03,0.0140781817557136,0.00498,-0.077913143814316,0.4124930743338972,58.79999923706055,58.79999923706055,57.70000076293945,57.70000076293945,49.21443939208984,61029,0.0017361508935332,0.0017360939911768,0.0090981817557136,-0.0080329771786169,-0.0097690711697937,-0.0009686309806593,1.0889049760059422,0.0532264798897774,0.0120624602421976,-0.0210345970291388,-0.0377301522365658,-0.0432237445615979,-0.0349036706503654,-0.0228388231657757,-0.0029335641044156008,-0.0014489972585612,0.0106158502260285,0.0305211092873885
139,2020-03-04,0.0057054627385376,0.00475,-0.0972820371558886,0.1468339490244385,57.79999923706055,58.5,57.09999847412109,57.20000076293945,48.78797149658203,62594,-0.0086655111505847,-0.0086655034736888,0.0009554627385375,-0.0003454295624563,0.0083200739112325,-0.0009765652659975,1.0884248806116934,0.0531830400058774,0.0120609850769672,-0.0014489972585612007,-0.012714523117906301,-0.029410078325333298,-0.017345230840743596,0.002560028220616503,0.053543050015934804,0.0203849213958222,0.0402901804571823,0.0912732022525006
140,2020-03-05,0.0107502584913841,0.0049,0.0179234147489933,0.2481425279611535,58.0,58.0,57.29999923706055,57.29999923706055,48.87326431274414,82191,0.001748225048729,0.001748234524735,0.0058502584913841,0.0138130820093248,0.0120648474845897,-0.0009820245485424,1.0893589998053226,0.0530330834906172,0.0120166604660911,0.0203849213958222,0.0106158502260285,-0.0006496756333166012,0.019255583428043496,0.0702386052233618,0.0670534944019853,0.0319701065459498,0.0829531283412681,0.0797680175198916
141,2020-03-06,-0.0167619413025469,0.00475,0.1817821048950544,-0.378076994676362,57.20000076293945,57.5,56.5,56.5,48.190914154052734,99133,-0.0139615924557137,-0.0139616243827093,-0.0215119413025469,0.0059436346786507,0.0199052590613601,-0.000978638749157,1.0896999245304446,0.0530348655404227,0.0120008855074875,0.0319701065459498,0.0402901804571823,0.030521109287388597,0.0815041310827069,0.0783190202613304,0.0933304240546487,0.0708882808566783,0.0677031700353019,0.0827145738286201
142,2020-03-09,-0.0303988439072024,0.00435,-0.0249285050721968,-0.6567579797144081,56.09999847412109,56.09999847412109,53.0,53.0,45.20563888549805,236045,-0.0619469026548672,-0.0619468487153326,-0.0347488439072024,-0.0109638269200142,0.0509830217953183,-0.0010098085999865,1.086463372918751,0.0530398947190756,0.0120670931374253,0.07088828085667839,0.0829531283412681,0.0912732022525006,0.0880880914311241,0.1030994952244424,0.2047085451782693,0.0477979109739418,0.0628093147672601,0.164418364721087
143,2020-03-10,0.0023593770113128,0.0045,-0.0008377939728871,0.1236799220878924,51.900001525878906,53.59999847412109,51.79999923706055,53.59999847412109,45.7173957824707,264026,0.011320725926813,0.011320642946091,-0.0021406229886872,0.0081355321247144,-0.0031851108213765,-0.0009949666931667,1.0831494902627985,0.0531704293202254,0.0121787498480912,0.0477979109739418,0.0677031700353019,0.0797680175198916,0.0947794213132099,0.1963884712670368,0.2810336611310898,0.0118262929719418,0.1134353429257687,0.1980805327898217
144,2020-03-11,-0.0099777016008253,0.0045,0.0619472878970473,-0.2756610227065656,53.79999923706055,53.900001525878906,52.20000076293945,52.20000076293945,44.52329254150391,106038,-0.0261193610268026,-0.026119231433227,-0.0144777016008253,-0.0111078276399086,0.0150114037933183,-0.0010040961926043,1.0841597857794274,0.0531319773143704,0.0121523080502794,0.0118262929719418,0.0628093147672601,0.08271457382862019,0.1843236237824471,0.2689688136465001,0.32463096031219063,0.1166204537471451,0.2012656436111982,0.2569277902768887
145,2020-03-12,-0.0432752438324727,0.0044,-0.2696634991490948,-0.6887296046263038,50.79999923706055,52.20000076293945,47.09999847412109,47.29999923706055,40.34390258789063,466166,-0.0938697596601908,-0.0938697413206204,-0.0476752438324727,0.0077393086332064,0.1016090499538269,-0.0009518465629594,1.0867185235141772,0.052764596457762,0.0117812912534001,0.11662045374714519,0.1134353429257687,0.164418364721087,0.24906355458514,0.30472570125083054,0.37974199506989065,0.1862542398178799,0.2419163864835704,0.3169326803026305
146,2020-03-13,-0.0281559371151307,0.0049,-0.3755155256987743,-0.2991633086853437,42.59999847412109,44.20000076293945,42.59999847412109,43.54999923706055,37.1453857421875,895626,-0.0792811852111362,-0.0792812950788548,-0.0330559371151307,0.0053638947851982,0.084645189864053,-0.000942881543394,1.0874913913291222,0.0527021057643442,0.0117397279791704,0.18625423981787992,0.2012656436111982,0.1980805327898217,0.2537426794555122,0.3287589732745723,0.41357697849307373,0.1403073365297435,0.2153236303488035,0.300141635567305
147,2020-03-16,-0.0405870132780072,0.00465,-0.015367000238614,-0.9131285350983877,43.650001525878906,45.0,41.04999923706055,41.150001525878906,35.09833908081055,272205,-0.0551090184437769,-0.055109043033898,-0.0452370132780072,0.0005531036317924,0.0556621466656905,-0.0009342403268918,1.0840068995533323,0.0526254271718443,0.0116984316604542,0.1403073365297435,0.24191638648357042,0.2569277902768887,0.33194408409594883,0.41676208931445025,0.5072204576884926,0.1306784404847505,0.215496445703252,0.3059548140772943
148,2020-03-17,-0.0286217580632129,0.005,-0.1437593627487939,-0.4259231256801774,38.0,40.75,37.900001525878906,38.09999847412109,32.496883392333984,463136,-0.0741191479625994,-0.0741190539668261,-0.0336217580632129,0.0008972398522339,0.0750162938190601,-0.0007254757369463,1.1005754797623388,0.0501745357652289,0.0100696681007176,0.13067844048475058,0.21532363034880359,0.3169326803026305,0.4017506855211319,0.4922090538951742,0.395399851559324,0.1598342990375615,0.2502926674116038,0.1534834650757535
149,2020-03-18,-0.0234076932761759,0.00565,0.1250729568381584,-0.541253774386893,38.09999847412109,38.84999847412109,35.0,35.0,29.85277938842773,334127,-0.0813647926056145,-0.0813648488067011,-0.0290576932761758,0.0034531564118003,0.0848180052185014,-0.0007663873686039,1.0887931361664474,0.0504186231545231,0.0103190875298188,0.1598342990375615,0.215496445703252,0.300141635567305,0.3906000039413473,0.2937908016054971,0.34682252703288197,0.1752763735925437,0.0784671712566934,0.1314988966840783
150,2020-03-19,-0.0582871588503205,0.00665,-0.4101580525884256,-0.8784487126943821,34.099998474121094,34.099998474121094,31.5,31.850000381469727,27.16602897644043,941150,-0.0899999891008649,-0.0900000089448557,-0.0649371588503205,0.0004583594291866,0.0904583683740423,-0.000919121862228,1.0730678618859757,0.0503614695769948,0.0104294271896421,0.1752763735925437,0.2502926674116038,0.3059548140772943,0.20914561174144408,0.26217733716882896,0.18618378575353176,-0.0063508339618079,0.0466808914655769,-0.0293126599497202
151,2020-03-20,0.0636710473208745,0.0052,-0.2898421368305975,1.3976794712099685,32.400001525878906,34.45000076293945,32.400001525878906,34.20000076293945,29.17043113708496,360002,0.0737833705910079,0.0737834065620277,0.0584710473208745,-0.0230257957738224,-0.0968092023358502,-0.0011085000389623,1.0529508482679215,0.0511745633031726,0.0112079381559168,-0.006350833961807911,0.07846717125669349,0.15348346507575356,0.20651519050313846,0.13052163908784126,0.04069056816099395,-0.0437774769084653,-0.1197710283237625,-0.2096020992506098
152,2020-03-23,-0.0372597165648516,0.00475,0.1649088992521852,-0.7090753331039192,32.099998474121094,33.29999923706055,31.0,32.5,27.720436096191406,168032,-0.0497076235384662,-0.0497077000363613,-0.0420097165648516,0.0033240253910236,0.0530317254273849,-0.0012662071029929,1.036331594783734,0.0508828152873662,0.0114179066053989,-0.043777476908465306,0.04668089146557699,0.13149889668407838,0.055505345268781175,-0.03432572565806613,-0.07147411185972724,-0.0229618259879123,-0.1127928969147596,-0.1499412831164207
153,2020-03-24,0.0444981436038504,0.00505,0.0545652819008912,1.0632848455476025,33.650001525878906,35.75,33.650001525878906,35.0,29.85277938842773,331015,0.0769230769230769,0.0769231510224794,0.0394481436038504,0.0009295996071822,-0.0759935514152972,-0.0012655699777528,1.0364637222752469,0.0508774529370033,0.0114144996071982,-0.022961825987912306,-0.11977102832376252,-0.029312659949720217,-0.11914373087656752,-0.15629211707822863,-0.15845501020860533,-0.1658246223421445,-0.2029730085438056,-0.2051359016741823
154,2020-03-25,0.0386759180625704,0.0053,0.2269609276747874,0.7139976337549697,36.5,38.5,36.5,38.29999923706055,32.6674690246582,420334,0.0942856924874442,0.0942856810619641,0.0333759180625704,0.0044546101351167,-0.0898310709268473,-0.0012624224839983,1.0527527368945917,0.053453762513055,0.0126646613628264,-0.1658246223421445,-0.1127928969147596,-0.20960209925060982,-0.24675048545227093,-0.24891337858264764,-0.23860422509666074,-0.1269794571285084,-0.1291423502588851,-0.1188331967728982
155,2020-03-26,0.0094984682404935,0.0051,0.084090332350733,0.373506721240895,39.75,41.29999923706055,38.5,40.20000076293945,34.28805160522461,655153,0.0496083959197678,0.049608452351884,0.0043984682404934,0.0124600661502228,-0.0371483862016611,-0.0012130199226983,1.0553996467381133,0.0535587594458973,0.0126754691093766,-0.12697945712850842,-0.20297300854380562,-0.14994128311642071,-0.15210417624679742,-0.14179502276081052,-0.23493427326703722,-0.0393112793320378,-0.0290021258460509,-0.1221413763522776
156,2020-03-27,-0.0038454235808447,0.0048,0.3040612149939921,-0.3587124654714885,41.0,41.900001525878906,40.0,40.0,34.117462158203125,490175,-0.0049751432622815,-0.0049751863706216,-0.0086454235808447,-0.0071380795009984,-0.0021628931303767,-0.001342681806048,1.046132080327957,0.0540750776622276,0.0133821578596696,-0.039311279332037805,-0.12914235025888512,-0.20513590167418233,-0.19482674818819543,-0.28796599869442213,-0.29242137102992843,0.0081462603556102,-0.0849929901506165,-0.0894483624861228
157,2020-03-30,-0.0071647394694198,0.0046,0.1632855091723755,-0.2433443073475162,38.29999923706055,40.09999847412109,38.150001525878906,40.0,34.117462158203125,250227,0.0,0.0,-0.0117647394694198,0.0103091534859869,0.0103091534859869,-0.0010453339920828,1.1034535210503822,0.0583958489734591,0.0139906993517956,0.0081462603556102,-0.029002125846050907,-0.11883319677289822,-0.21197244727912493,-0.21642781961463123,-0.21786098387184843,-0.0828300970202398,-0.0872854693557461,-0.0887186336129633
158,2020-03-31,0.0081655804512046,0.0048,-0.0777639961208667,0.4319004296842114,42.5,44.0,41.34999847412109,43.84999847412109,37.40126800537109,1428111,0.0962499618530273,0.0962500033543207,0.0033655804512046,0.003110752848094,-0.0931392505062267,-0.000925241342794,1.1320034471940963,0.0620579924354957,0.0146127613325937,-0.0828300970202398,-0.08499299015061651,-0.12214137635227762,-0.12659674868778392,-0.12802991294500113,-0.18545659153905464,-0.097594622841733,-0.0990277870989502,-0.1564544656930037
159,2020-04-01,-0.0045765775516939,0.0045,0.1452757666083469,-0.1573259488440218,43.400001525878906,44.29999923706055,43.04999923706055,44.09999847412109,37.61449813842773,1106582,0.0057012544743312,0.005701147165011,-0.0090765775516939,0.0012457748295046,-0.0044553723355063,-0.0009272825040034,1.1274970573766214,0.0613639622264877,0.0141985269617927,-0.09759462284173301,-0.0872854693557461,-0.08944836248612281,-0.09088152674334002,-0.14830820533739353,-0.15032986287041814,-0.0058885365927235,-0.063315215186777,-0.0653368727198016
160,2020-04-06,0.0160509408414301,0.0047,0.0106790121661886,0.3645905073470083,44.20000076293945,44.650001525878906,43.0,43.900001525878906,37.44391632080078,639069,-0.0045350783483484,-0.0045350018229454,0.0113509408414301,-0.0059681660801626,-0.0014331642572172,-0.000662981605423,1.1757710245779005,0.0628990195081354,0.0137494140079633,-0.0058885365927235,-0.09902778709895022,-0.08871863361296331,-0.14614531220701682,-0.14816696974004143,-0.17903587013488373,-0.0588598428512707,-0.0608815003842953,-0.0917504007791376
161,2020-04-07,0.0180928927562984,0.00495,-0.0464570550171067,0.4686260099936435,44.59999847412109,46.79999923706055,44.29999923706055,46.650001525878906,39.789493560791016,1551051,0.0626423668431739,0.062642412185053,0.0131428927562984,0.0052157335909995,-0.0574266785940535,-0.0003573143399958,1.2436327562815013,0.0615792757052861,0.0128855845169836,-0.0588598428512707,-0.063315215186777,-0.15645446569300372,-0.15847612322602833,-0.18934502362087063,-0.18484813062216374,-0.0594483361270781,-0.0903172365219204,-0.0858203435232135
162,2020-04-08,0.0141131031388969,0.0052,0.0857020518076807,0.039588088134492,46.650001525878906,47.650001525878906,45.650001525878906,47.09999847412109,40.17330932617188,963248,0.0096462365171103,0.0096461585969791,0.0089131031388969,0.0076245010639544,-0.0020216575330246,-0.0007926103118959,1.1770290036325315,0.0587969729500656,0.0133952179295858,-0.0594483361270781,-0.0608815003842953,-0.06533687271980161,-0.09620577311464391,-0.09170888011593702,-0.06455250322044612,-0.0328905579278669,-0.02839366492916,-0.0012372880336691
163,2020-04-09,-0.0017795406101416,0.00505,0.1431673817340869,-0.131552265297521,47.5,49.5,46.5,48.5,41.36742401123047,1374211,0.0297240248669674,0.0297240806168948,-0.0068295406101416,-0.0011448197779475,-0.0308689003948423,-0.0008393963066585,1.1712695915481572,0.0589533251287282,0.0135547151294414,-0.0328905579278669,-0.0903172365219204,-0.0917504007791376,-0.0872535077804307,-0.0600971308849398,-0.07091454490337701,-0.0263720073961353,0.0007843694993555,-0.0100330445190817
164,2020-04-10,0.0037730055192401,0.00505,0.1771866776587396,-0.1848464502542122,48.70000076293945,48.70000076293945,47.20000076293945,48.20000076293945,41.11154174804688,691020,-0.0061855512795989,-0.0061855981922905,-0.0012769944807598,-0.0016887051935836,0.0044968929987069,-0.0007587947554941,1.1841260701296743,0.0585655689975491,0.0131714698051495,-0.026372007396135398,-0.02839366492916,-0.08582034352321351,-0.05866396662772261,-0.0694813806461598,-0.0763774890190079,0.0316532698941978,0.0208358558757605,0.0139397475029124
165,2020-04-13,-0.0057484608071245,0.0051,-0.0226562940000722,-0.0446683628657296,48.0,49.09999847412109,47.29999923706055,47.29999923706055,40.34390258789063,527500,-0.0186722305318075,-0.0186721083062451,-0.0108484608071245,0.0084842685892457,0.0271563768954909,-0.0007194746107951,1.186087111579357,0.0594185767858958,0.0137053463241763,0.0316532698941978,0.0007843694993555014,-0.0012372880336691018,-0.012054702052106302,-0.018950810424954403,-0.021551721652359704,0.0163389628770537,0.0094428545042055,0.0068419432768002
166,2020-04-14,0.0231424515411105,0.0051,-0.0035123312572271,0.5499088233906776,47.29999923706055,48.04999923706055,47.29999923706055,47.79999923706055,40.77036666870117,489016,0.0105708246948181,0.0105707195748223,0.0180424515411105,-0.0002466944436149,-0.0108174140184372,-0.0004130249241317,1.2159460459627256,0.0619157126037574,0.0139966870741978,0.0163389628770537,0.020835855875760596,-0.0100330445190817,-0.0169291528919298,-0.0195300641193351,-0.0173827492885253,-0.0177135223912853,-0.0203144336186906,-0.0181671187878808
167,2020-04-15,0.0110587622204511,0.00495,0.0927685311669311,0.1728078300901326,48.5,49.20000076293945,48.0,48.5,41.36742401123047,1028923,0.0146443676592514,0.0146443947237699,0.006108762220451,0.0077482863509218,-0.0068961083728481,-0.0007283163685699,1.1631064562174185,0.0651275662637985,0.0170040262578303,-0.0177135223912853,0.009442854504205598,0.013939747502912495,0.011338836275507195,0.013486151106316995,0.000406252926512295,-0.0094970196002534,-0.0073497047694435,-0.0204296029492483
168,2020-04-16,-0.0068658993602788,0.0048,0.0314482303070908,-0.0517388091422931,48.5,49.400001525878906,48.150001525878906,48.75,41.580657958984375,702308,0.0051546391752577,0.0051546344219068,-0.0116658993602788,0.0025537231945015,-0.0026009112274053,-0.0009061427266706,1.146101827029132,0.0647203344147592,0.0177276472014173,-0.0094970196002534,-0.020314433618690602,0.006841943276800298,0.008989258107610098,-0.004090640072194602,0.030232249031432,-0.0004535963965955,-0.0135334945764002,0.0207893945272264
169,2020-04-17,0.0213541503913787,0.00495,-0.6538040097194706,1.0177905967078218,50.09999847412109,50.5,48.400001525878906,48.45000076293945,41.32477951049805,608328,-0.006153830503806,-0.0061537854629123,0.0164041503913787,-0.0040064706321024,0.0021473148308098,-0.00088510571216,1.1471684745032829,0.0648126599881227,0.0176695716494931,-0.00045359639659550005,-0.007349704769443599,-0.0181671187878808,-0.031247016967685504,0.003075872135941099,-0.035398588527349804,-0.0109325833489949,0.0233903057546317,-0.0150841549086591
170,2020-04-20,-0.0009748078790795,0.00505,0.1744818747824021,-0.0360848832247946,48.5,49.25,47.59999847412109,48.75,41.580657958984375,426206,0.0061919346199478,0.0061918890195487,-0.0060248078790795,-0.006888009160256,-0.0130798981798047,-0.0015044850761648,1.0322102161661328,0.0687932624190211,0.0241022556569418,-0.0109325833489949,-0.0135334945764002,-0.0204296029492483,0.013893286154378303,-0.0245811745089126,-0.0220315560897613,0.0212429909238219,-0.017231469739469,-0.0146818513203176
171,2020-04-21,-0.0281758960208715,0.0048,0.0308119538699744,-0.5128002145117146,48.20000076293945,48.59999847412109,47.0,47.0,40.088016510009766,527100,-0.0358974358974358,-0.0358974947064802,-0.0329758960208715,-0.0015746056028536,0.0343228891036266,-0.0014750584867395,1.0333436029609124,0.068965885590356,0.0240548505015622,0.021242990923821904,0.023390305754631704,0.020789394527226404,-0.0176850661360645,-0.015135447716913199,-0.003586737363644699,-0.0041515715596643,-0.001601953140513,0.0099467572127555
172,2020-04-22,0.0018778697454719,0.0047,0.0890708687264696,-0.0241827020355419,46.25,48.0,45.95000076293945,48.0,40.94095230102539,242232,0.0212765957446808,0.0212765775229275,-0.0028221302545281,-0.0171978831403634,-0.0384744606632909,-0.0017767610967941,1.0055453731108557,0.0690210482296572,0.024622674808403,-0.004151571559664301,-0.017231469739469,-0.015084154908659199,-0.012534536489507898,-0.0009858261362393986,-0.026104253559977197,-0.0359248422441396,-0.0243761318908711,-0.0494945593146089
173,2020-04-23,0.0057014951787406,0.00455,0.0211794702235923,0.1105106899060078,48.29999923706055,48.54999923706055,47.59999847412109,48.29999923706055,41.19683456420898,269240,0.006249984105428,0.0062500320291078,0.0011514951787405,0.0087996504482592,0.0025496184191513,-0.0014555903959302,1.0328908050297791,0.0687954369174315,0.0243234293666615,-0.0359248422441396,-0.0016019531405130007,-0.014681851320317699,-0.003133140967049199,-0.028251568390786998,-0.0275871334509052,0.0140983287724198,-0.011020098651318,-0.0103556637114362
174,2020-04-24,-0.0018472383179533,0.00445,0.0596245609389007,-0.0687084566365286,48.5,48.54999923706055,47.79999923706055,47.900001525878906,40.85566329956055,168102,-0.0082815262422348,-0.0082814922131136,-0.0062972383179533,0.0032672181401548,0.0115487103532685,-0.0017472647048739,0.9990562027653624,0.0695709472972537,0.025680589572176,0.0140983287724198,-0.0243761318908711,0.0099467572127555,-0.015171670210982301,-0.014507235271100502,-0.0720828990249494,-0.0135697170704693,-0.0129052821305875,-0.0704809458844364
175,2020-04-27,0.0212526839904916,0.0046,0.0753409959669009,0.3260849264507,48.5,49.25,48.25,48.900001525878906,41.70860290527344,274077,0.0208768260572962,0.0208769002098678,0.0166526839904916,-0.0042415272138699,-0.0251184274237378,-0.0015564284989843,1.012095377524491,0.070112897502371,0.025161698059342,-0.0135697170704693,-0.011020098651318,-0.0494945593146089,-0.0488301243747271,-0.106405788128576,-0.1898125479393799,-0.024453992483856,-0.0820296562377049,-0.1654364160485087
176,2020-04-28,0.0046170904336466,0.00475,0.2281716189472194,-0.0116179066268692,50.0,50.0,49.0,49.0,41.793888092041016,451156,0.0020449585071724,0.0020447864667458,-0.0001329095663533,0.0027092214066277,0.0006644349398818,-0.0018888864184515,0.9755802291075008,0.0705992956851082,0.0266958037748368,-0.024453992483856,-0.012905282130587501,-0.010355663711436201,-0.0679313274652851,-0.151338087276089,-0.1189988563135961,-0.056911228813967,-0.140317988624771,-0.107978757662278
177,2020-04-29,0.014709804067669,0.0047,0.0614006183322559,0.321066356358981,49.59999847412109,53.400001525878906,49.400001525878906,52.0,44.35269927978516,1673276,0.0612244897959183,0.0612245307761025,0.010009804067669,0.0036488670222536,-0.0575756637538489,-0.001907428418427,0.9770402042241682,0.0706503126031768,0.026679330734156,-0.056911228813967096,-0.0820296562377049,-0.0704809458844364,-0.1538877056952403,-0.1215484747327474,-0.0825865883224175,-0.1409824235646528,-0.1086431926021598,-0.06968130619183
178,2020-04-30,0.0204154693700421,0.0048,-0.1121160525070704,0.3932369346654372,53.0,56.70000076293945,52.70000076293945,56.09999847412109,47.84973907470703,2069428,0.0788461245023287,0.0788461548385563,0.0156154693700421,-0.0045606049722475,-0.0834067598108039,-0.0020985612329882,0.9606458103991544,0.0703135250916256,0.0266443482664037,-0.1409824235646528,-0.140317988624771,-0.16543641604850878,-0.13309718508601587,-0.09413529867568596,-0.08176344087365475,-0.0510675288483109,-0.012105642437981,0.0002662153640501
179,2020-05-04,-0.0247139490923512,0.0047,0.1698667278432812,-0.4938555221729672,54.09999847412109,54.5,53.20000076293945,53.70000076293945,45.802696228027344,813405,-0.0427807090278043,-0.0427806480508424,-0.0294139490923511,-0.0104414170883495,0.0323392309624929,-0.0021496899829158,0.9559782471612386,0.070258345098694,0.0267656692675966,-0.05106752884831099,-0.10864319260215989,-0.10797875766227809,-0.06901687125194819,-0.056645013449916994,-0.0690390626193084,0.0713011173728228,0.083672975174854,0.0712789260054626
180,2020-05-05,0.0050492030623335,0.0047,0.0681644417057456,0.0536248672072165,54.0,54.20000076293945,52.0,52.59999847412109,44.86445999145508,855228,-0.0204842136534477,-0.0204843014459517,0.0003492030623334,0.0184775849643782,0.0389618864103299,-0.0021815966376638,0.9460254715152956,0.0706459858010214,0.0271605787014722,0.0713011173728228,-0.012105642437981089,-0.06968130619183,-0.057309448389798796,-0.0697034975591902,-0.049132399803831495,0.0513337442123611,0.0389396950429697,0.0595107927983283
181,2020-05-06,3.435086517502944e-05,0.00475,-0.0145862328182188,0.0933550229309267,52.59999847412109,52.70000076293945,51.5,52.09999847412109,44.43799591064453,430106,-0.0095057036978051,-0.0095056104741207,-0.0047156491348249,0.0028662473279104,0.0123718578020312,-0.0022198079518508,0.9430777023972456,0.0714864873993872,0.0272232553107537,0.0513337442123611,0.083672975174854,0.00026621536405011144,-0.012127833805341288,0.008443263950017411,0.0066410802812970115,-2.219136736019908e-05,0.0205489063879985,0.0187467227192781
182,2020-05-07,0.0063052971021191,0.00475,0.0760026531648998,0.1450448229830226,52.09999847412109,53.29999923706055,51.59999847412109,53.0,45.20563888549805,685116,0.0172745019623359,0.0172744733222687,0.0015552971021191,0.0048804241528772,-0.0123940491693914,-0.0022152886251457,0.944704171074776,0.0713165033011481,0.0271332944210843,-2.2191367360199082e-05,0.0389396950429697,0.07127892600546261,0.09185002376082131,0.09004784009210091,0.10159382349577331,0.0081770485859673,0.0063748649172469,0.0179208483209193
183,2020-05-08,0.0053952256791991,0.00465,-0.0268725423739327,0.064230334897458,53.5,54.20000076293945,52.09999847412109,52.20000076293945,44.52329254150391,424202,-0.0150943252275574,-0.0150942749802177,0.000745225679199,0.005476822775141,0.0205710977553587,-0.0022383222730956,0.9393996673225832,0.0713695663475073,0.027238119331304,0.0081770485859673,0.0205489063879985,0.059510792798328396,0.057708609129608,0.0692545925332804,0.08400468459244019,0.0187689140866383,0.0303148974903107,0.0450649895494705
184,2020-05-11,0.0102591996777942,0.0047,-0.0055175707264306,0.1184531361174539,52.5,53.29999923706055,52.20000076293945,52.400001525878906,44.693878173828125,545112,0.0038314321842203,0.0038313795451043,0.0055591996777941,0.0020291958763839,-0.0018021836687204,-0.0020942967747839,0.9515984192721024,0.0713475260592673,0.0267740581578599,0.0187689140866383,0.0063748649172469,0.0187467227192781,0.0302927061229505,0.0450427981821103,0.07462751539844001,0.009743799734952,0.0244938917941118,0.0540786090104415
185,2020-05-12,-0.0121480871158683,0.0047,0.1320169406612926,-0.3028336780765425,51.59999847412109,53.0,51.29999923706055,52.09999847412109,44.43799591064453,385001,-0.0057252489126293,-0.0057252195074321,-0.0168480871158683,0.0058207638962403,0.0115459834036724,-0.0021117465163642,0.9500344924403474,0.0713757800420053,0.0268294789038882,0.009743799734952,0.0303148974903107,0.0179208483209193,0.0326709403800791,0.0622556575964088,0.0915851597189323,0.0262960754628322,0.0558807926791619,0.0852102948016854
186,2020-05-13,0.005404657227359,0.0047,-0.0847206394685468,0.1615175183945083,52.0,52.400001525878906,51.29999923706055,51.70000076293945,44.09682083129883,345000,-0.0076774994797807,-0.0076775532369132,0.0007046572273589,0.0070725388222466,0.0147500920591598,-0.0021671334842557,0.9458167742409592,0.0714294319128076,0.0270160435667017,0.0262960754628322,0.0244938917941118,0.0450649895494705,0.0746497067658002,0.1039792088883237,0.0911758935846255,0.0443348092754895,0.073664311398013,0.0608609960943147
187,2020-05-14,-0.0143888983525087,0.00455,-0.0530407996618267,-0.25291066212723,51.59999847412109,51.70000076293945,49.79999923706055,50.0,42.64682769775391,487116,-0.0328820258772235,-0.0328820333577368,-0.0189388983525087,-0.0032973161414071,0.0295847172163297,-0.0023747876660192,0.9225415041444812,0.0716997812533231,0.0277619548552557,0.0443348092754895,0.0558807926791619,0.0540786090104415,0.08340811113296501,0.0706047958292668,0.0518115186265939,0.0589142193388532,0.046110904035155,0.027317626832482
188,2020-05-15,0.0031574453507054,0.00455,-0.126404896925485,0.3009360018511419,51.0,51.0,48.79999923706055,49.29999923706055,42.04977035522461,382165,-0.014000015258789,-0.0140000411463371,-0.0013925546492946,0.0153294609761864,0.0293295021225235,-0.0024374802847996,0.9205941939740924,0.0707278645217177,0.0276330160124626,0.0589142193388532,0.073664311398013,0.0852102948016854,0.0724069794979872,0.0536137022953143,0.0173739020449866,0.0165261868188252,-0.0022670903838476,-0.0385068906341753
189,2020-05-18,-0.0068766220854833,0.0046,0.1702211698640655,-0.2266160829922665,49.79999923706055,50.29999923706055,49.20000076293945,49.650001525878906,42.34830093383789,290142,0.007099438016933,0.0070994580015866,-0.0114766220854833,-0.0057038573021116,-0.0128033153036982,-0.0022075903559103,0.9378640230475328,0.0715139502644363,0.0276242034160913,0.016526186818825297,0.046110904035155,0.06086099609431479,0.04206771889164189,0.005827918641314191,0.00046554353729409085,-0.0315965925063711,-0.0678363927566988,-0.0731987678607189
190,2020-05-19,0.011162429035772,0.0047,0.0270820067828999,0.207560760486838,50.59999847412109,51.29999923706055,50.20000076293945,50.70000076293945,43.2438850402832,251001,0.0211480202374869,0.0211480528544583,0.0064624290357719,0.0023547756517853,-0.0187932772026729,-0.0009312294402873,1.085035448600579,0.0662242258813687,0.0220473382892525,-0.0315965925063711,-0.0022670903838476024,0.027317626832482098,-0.0089221734178456,-0.014284548521865701,0.007699291386487898,-0.0550330774530005,-0.0603954525570206,-0.0384116126486671
191,2020-05-20,0.0043607232419912,0.00475,-0.0396887005169037,0.2066420373499343,50.59999847412109,52.59999847412109,50.5,52.09999847412109,44.43799591064453,467007,0.0276133666689213,0.0276134040512079,-0.0003892767580087,-0.0086263961991197,-0.0362398002503277,-0.0008117921653104,1.1081595659028558,0.0652492318044591,0.021305429759101,-0.055033077453000595,-0.0678363927566988,-0.0385068906341753,-0.0438692657381954,-0.0218854258298418,-0.0272914213085775,-0.0416021753543478,-0.0196183354459942,-0.0250243309247299
192,2020-05-21,0.0092144857280757,0.00465,0.0574079833624909,0.2398000102619823,52.900001525878906,53.09999847412109,52.09999847412109,52.79999923706055,45.03504943847656,415000,0.0134357156130658,0.0134356537822404,0.0045644857280757,0.0080732786782202,-0.0053623751040201,-0.001095302895497,1.0828466516595063,0.0654274179507995,0.0222137801997082,-0.0416021753543478,-0.060395452557020696,-0.0731987678607189,-0.0512149279523653,-0.056620923431101,-0.061943342685615396,0.0166214648043334,0.0112154693255977,0.0058930500710833
193,2020-05-22,-0.0179100322740926,0.00465,0.0389975842241394,-0.4340271287438806,53.09999847412109,53.20000076293945,51.59999847412109,51.59999847412109,44.01152420043945,325087,-0.022727287505284,-0.0227273035291183,-0.0225600322740926,-0.0007434636207646,0.0219838399083536,-0.0011117684280284,1.0844780510687202,0.0653726169699457,0.022119606997307,0.016621464804333498,-0.0196183354459942,-0.0384116126486671,-0.0438176081274028,-0.049140027381917195,-0.045547917280164996,0.0165778444296178,0.0112554251751034,0.0148475352768556
194,2020-05-25,0.0055525355495059,0.00465,0.123499899535636,0.1666903721993608,51.900001525878906,52.20000076293945,51.0,52.0,44.35269927978516,206038,0.0077519677850284,0.0077519487348793,0.0009025355495058,0.0023459532561436,-0.0054059954787357,-0.0010982431048328,1.0848296078422983,0.0654720273365002,0.0221469514688128,0.016577844429617898,0.011215469325597797,-0.0250243309247299,-0.030346750179244302,-0.026754640077492103,-0.021212673509920402,-0.0107284147332501,-0.0071363046314979,-0.0015943380639262
195,2020-05-26,0.0115930632240779,0.0047,0.0143327019937452,0.2210703193461564,52.20000076293945,52.59999847412109,51.400001525878906,51.5,43.92623519897461,280065,-0.0096153846153846,-0.00961529033713,0.0068930632240778,-0.0149377095916444,-0.0053224192545144,-0.0013845090861672,1.0548272323529255,0.066552569267595,0.0234323973069026,-0.0107284147332501,0.011255425175103497,0.005893050071083397,0.009485160172835598,0.015027126740407298,-0.0034692762345652026,-0.0017303091527622,0.0038116574148095,-0.014684745560163
196,2020-05-27,0.0015867838637694,0.0047,0.0013078662718098,0.0143394772442176,52.09999847412109,52.09999847412109,51.29999923706055,51.70000076293945,44.09682083129883,320270,0.0038835099599893,0.0038834566985199,-0.0031132161362306,0.0074755668002722,0.0035921101017522,-0.0015226136393568,1.039548615387159,0.0670180597221212,0.0240548226955787,-0.0017303091527622002,-0.0071363046314979,0.014847535276855697,0.020389501844427397,0.0018930988694548963,0.0017503339358778962,0.0091340766693239,-0.0093623263056486,-0.0095050912392256
197,2020-05-28,-0.0063978121487945,0.0047,0.0532533814938428,-0.1403634709074599,51.70000076293945,52.20000076293945,51.09999847412109,51.20000076293945,43.670352935791016,205002,-0.0096711797412277,-0.0096711710156918,-0.0110978121487945,-0.00412920444812,0.0055419665675717,-0.0015068069049804,1.038466408885151,0.0671670269554116,0.0240379011613654,0.0091340766693239,0.0038116574148095,-0.0015943380639262,-0.0200907410388987,-0.0202335059724757,-0.0259967991454695,-0.0129544364074008,-0.0130972013409778,-0.0188604945139716
198,2020-05-29,-0.0001855115232637,0.00465,0.0518701421123556,-0.1133894853826598,51.59999847412109,52.59999847412109,50.79999923706055,52.0,44.35269927978516,308003,0.0156249848660083,0.0156249331210445,-0.0048355115232637,-0.002871469853928,-0.0184964029749725,-0.001607904112991,1.02903038733435,0.0676264448125755,0.0244279045452717,-0.0129544364074008,-0.0093623263056486,-0.014684745560163,-0.01482751049374,-0.0205908036667338,-0.057957522302141795,-0.0186391679085495,-0.0244024610815433,-0.0617691797169513
199,2020-06-01,0.0125075280425161,0.0047,0.054136935879676,0.2994156953924635,52.20000076293945,52.900001525878906,52.20000076293945,52.400001525878906,44.693878173828125,295046,0.0076923370361328,0.0076924042861685,0.0078075280425161,0.0075496393525915,-0.000142764933577,-0.0016452303598918,1.0272214046270036,0.0679034291513372,0.0246255965891935,-0.0186391679085495,-0.0130972013409778,-0.009505091239225601,-0.0152683844122194,-0.0526351030476274,-0.1196853460796665,-0.0059060581065707,-0.0432727767419788,-0.1103230197740179
200,2020-06-02,0.0044146646832819,0.0047,-0.105908312028147,0.031448689781491,52.79999923706055,54.0,52.79999923706055,52.900001525878906,45.12034606933594,382830,0.0095419844549634,0.0095419756112715,-0.000285335316718,0.0037786824382777,-0.0057632931729938,-0.0016172689994953,1.0366135186366745,0.0678565537193378,0.0241307501272845,-0.0059060581065707995,-0.0244024610815433,-0.0188604945139716,-0.0562272131493796,-0.1232774561814187,-0.1317107311432808,-0.0431300118084018,-0.1101802548404409,-0.118613529802303
201,2020-06-03,0.0172745941202281,0.00475,-0.0127496374537018,0.3078516069164045,53.400001525878906,55.400001525878906,53.29999923706055,54.900001525878906,46.82621765136719,891185,0.0378071822743065,0.0378071475650885,0.012524594120228,0.0004404289296804,-0.037366718635408,-0.0015820994762986,1.037096153103353,0.0681564946053483,0.0240864683391786,-0.0431300118084018,-0.0432727767419788,-0.0617691797169513,-0.1288194227489904,-0.1372526977108525,-0.1239583130757588,-0.1044169616674471,-0.1128502366293092,-0.0995558519942154
202,2020-06-04,0.0064548832782773,0.0048,-0.1017378392260895,0.2580414670880054,55.900001525878906,59.70000076293945,55.5,58.59999847412109,49.98208236694336,3392328,0.0673952066558335,0.0673952515035993,0.0016548832782773,0.0003450084715602,-0.0670502430320391,-0.0015364700734627,1.0415184428659576,0.0680983867411104,0.0239467979923921,-0.1044169616674471,-0.1101802548404409,-0.1103230197740179,-0.11875629473588,-0.10546191010078629,-0.11561146614317999,-0.0754835179939012,-0.0621891333588075,-0.0723386894012012
203,2020-06-05,0.0075632562784849,0.00485,-0.1089516850996436,0.2115678009937657,58.0,59.400001525878906,57.59999847412109,58.5,49.896785736083984,1729385,-0.0017064586471833,-0.0017065441618292,0.0027132562784849,-0.0101398191236913,-0.0084332749618621,-0.001491365349944,1.0387448891634257,0.0681959040876097,0.0242219964966628,-0.0754835179939012,-0.1128502366293092,-0.118613529802303,-0.1053191451672093,-0.11546870120960301,-0.0841543581205668,0.0048611096732315,-0.0052884463691621,0.0260258967198741
204,2020-06-08,0.0114047700594117,0.00397,-0.1560381773424288,0.29826921094219,59.59999847412109,59.59999847412109,58.0,58.0,49.47032165527344,652007,-0.0085470085470085,-0.0085469249074723,0.0074347700594116,0.0047474597276214,0.0132943846350937,-0.0015013706275475,1.0389031766391297,0.0680663310366893,0.0241531114664149,0.0048611096732315996,-0.0621891333588075,-0.09955585199421549,-0.10970540803660919,-0.07839106494757299,-0.04633940488150759,0.0031448285926999,0.0344591716817362,0.0665108317478016
205,2020-06-09,0.0023074332439956,0.0043,-0.0265855672143963,0.1215160713148501,57.29999923706055,59.29999923706055,57.29999923706055,58.79999923706055,50.15266799926758,523119,0.0137930902941473,0.0137930444186105,-0.0019925667560044,0.0036434883762167,-0.0101495560423937,-0.0014595507219463,1.041858847572146,0.0678699142040198,0.0239098108937933,0.003144828592699999,-0.005288446369162101,-0.0723386894012012,-0.04102434631216499,-0.008972686246099593,-0.004002757492050492,0.0211647870466425,0.0532164471127079,0.058186375866757
206,2020-06-10,0.0071366346265118,0.0043,-0.0081920139027247,0.2513408647802331,58.5,58.70000076293945,57.09999847412109,57.20000076293945,48.78797149658203,659005,-0.0272108587564852,-0.0272108455467509,0.0028366346265118,0.0041034975422853,0.0313143430890362,-0.001438905666022,1.0477058472242686,0.0673023051079331,0.0235274116914173,0.021164787046642503,0.034459171681736206,0.026025896719874105,0.0580775567859395,0.06304748553998861,0.06112918796727111,0.0633660031551016,0.0683359319091507,0.0664176343364332
207,2020-06-11,-0.01573277348959,0.00415,-0.1126688332755736,-0.1076945983939603,57.0,57.79999923706055,55.09999847412109,55.59999847412109,47.42327117919922,621071,-0.0279720676132406,-0.0279720651529531,-0.01988277348959,0.0040795949131123,0.0320516600660654,-0.0017154811218625,1.0203300517124418,0.0677753133071934,0.0244185984233286,0.0633660031551016,0.0532164471127079,0.0665108317478016,0.0714807605018507,0.0695624629291332,0.054581682198844905,0.0370215888201145,0.035103291247397,0.0201225105171087
208,2020-06-12,-0.0091739958288705,0.00395,0.0931882099587658,-0.1689460805018207,53.0,55.29999923706055,52.59999847412109,55.20000076293945,47.08209609985352,529080,-0.0071942036359554,-0.0071942544422228,-0.0131239958288705,-0.0022243256881737,0.0049699287540491,-0.001680676842925,1.0235002761185914,0.0676694218597337,0.0242799378609162,0.0370215888201145,0.0683359319091507,0.058186375866757,0.0562680782940395,0.0412872975637512,0.0443608944929925,0.0030516311813316,-0.0119291495489567,-0.0088555526197154
209,2020-06-15,-0.0108207619123944,0.00405,0.1430441227426059,-0.3323785724780726,56.0,56.0,54.0,54.59999847412109,46.5703353881836,225052,-0.0108696065312591,-0.0108695396777696,-0.0148707619123944,-0.0127878372504871,-0.0019182975727175,-0.0016872954345333,1.023265525355621,0.067670887605725,0.0242982385304106,0.0030516311813316003,0.035103291247397,0.0664176343364332,0.0514368536061449,0.0545104505353862,0.0461479123748005,-0.0168990783030058,-0.0138254813737644,-0.0221880195343502
210,2020-06-16,0.0181651480746026,0.00405,0.0285539871557325,0.3651425940350072,55.900001525878906,55.900001525878906,54.900001525878906,55.20000076293945,47.08209609985352,223078,0.0109890532158667,0.0109889848849955,0.0141151480746026,-0.0039917958452928,-0.0149807807302883,-0.0014643392554797,1.046153968319566,0.0670145546805788,0.0232466323547656,-0.0168990783030058,-0.0119291495489567,0.0201225105171087,0.02319610744635,0.014833569285764299,0.00816564337826,-0.011907183801047,-0.0202697219616327,-0.026937647869137
211,2020-06-17,0.0019936512967216,0.004,0.0543582138493629,0.0029223762058166,56.400001525878906,56.400001525878906,55.20000076293945,55.400001525878906,47.252689361572266,224295,0.0036232021770863,0.0036233149296696,-0.0020063487032784,0.0066969118589109,0.0030735969292413,-0.0015153078247069,1.044130876838011,0.0666272684446431,0.0230861159895516,-0.011907183801047,-0.013825481373764499,-0.0088555526197154,-0.0172180907803011,-0.0238860166878054,-0.010931351368921798,-0.0052889412313444,-0.0119568671388487,0.0009977981800349
212,2020-06-18,0.001191220022656,0.00395,0.066823190856745,0.0128831249935605,55.400001525878906,55.900001525878906,55.09999847412109,55.59999847412109,47.42327117919922,221175,0.0036100531179365,0.003609991726009,-0.002758779977344,-0.0047525464345766,-0.0083625381605857,-0.0012698419326457,1.0716437134487995,0.0653544028614425,0.0218216453897492,-0.0052889412313444,-0.0202697219616327,-0.0221880195343502,-0.0288559454418545,-0.015901280122970898,-0.006865599754887498,-0.01503046406809,-0.0020757987492063,0.006959881618877
213,2020-06-19,0.000132510365321,0.004,-0.0811334635107942,0.1082344930287377,55.79999923706055,56.70000076293945,55.79999923706055,56.29999923706055,48.02032470703125,290001,0.0125899421250032,0.0125898849443752,-0.003867489634679,0.0059219590368709,-0.0066679259075043,-0.0010517450255108,1.0958696260381735,0.0647716798046171,0.0209821651355425,-0.01503046406809,-0.0119568671388487,-0.026937647869137,-0.0139829825502534,-0.00494730218217,-0.0075950223785653005,0.0062867394113793,0.0153224197794627,0.0126746995830674
214,2020-06-22,0.0019973692525536,0.004,0.0463677426891412,-0.0109403388503077,56.59999847412109,56.59999847412109,55.400001525878906,55.59999847412109,47.42327117919922,263328,-0.012433406259776,-0.0124333504922053,-0.0020026307474464,0.0005213148266782,0.0129546653188836,-0.0007413823010106,1.1135238888884649,0.063305699469619,0.0205609993253351,0.006286739411379301,-0.0020757987492063985,0.0009977981800349013,0.010033478548118301,0.007385758351723001,0.0192278894120017,0.021990345686967,0.0193426254905717,0.0311847565508504
215,2020-06-23,0.0034071462565861,0.00405,-0.1288255830855488,0.1214780066924885,56.0,56.0,54.5,55.20000076293945,47.08209609985352,240015,-0.0071942036359554,-0.0071942544422228,-0.0006428537434139,0.0018414259258605,0.0090356803680834,-0.0008070118406435,1.107110764911174,0.0636324248307149,0.0208210634065809,0.021990345686967,0.0153224197794627,0.006959881618877001,0.004312161422481701,0.016154292482760402,0.002181847344645601,0.006387960171688,0.0182300912319667,0.0042576460938519
216,2020-06-24,0.0041601852551879,0.004,-0.0986491010322492,0.118486431880635,55.20000076293945,55.29999923706055,55.0,55.20000076293945,47.08209609985352,226001,0.0,0.0,0.0001601852551878,-0.0026477201963953,-0.0026477201963953,-0.0010392204665019,1.0818103615367811,0.0648743827243998,0.0218454850665292,0.006387960171688099,0.0193426254905717,0.0126746995830674,0.0245168306433461,0.010544385505231298,-0.0063637788600940035,0.0091944108638833,-0.0047780342742314,-0.0216861986395567
217,2020-06-29,-0.0101237583670937,0.0039,0.0515273335916976,-0.2975465588937111,55.29999923706055,55.400001525878906,54.70000076293945,54.70000076293945,46.6556282043457,221003,-0.0090579708892992,-0.0090579632351828,-0.0140237583670937,0.0027841678250959,0.0118421310602787,-0.0009865480640712,1.0843662243872938,0.0647729662844967,0.0217708651075349,0.009194410863883399,0.018230091231966797,0.0311847565508504,0.0172123114127356,0.00030414704741029905,-0.00026035318819630094,-0.0021303140778361,-0.0190384784431614,-0.019602978678768
218,2020-06-30,0.0068112886319832,0.00395,0.0324868030260672,0.1742785704155404,55.20000076293945,55.59999847412109,54.70000076293945,55.59999847412109,47.42327117919922,128052,0.0164533400114943,0.0164533841767458,0.0028612886319831,0.0024809390386309,-0.0139724451381148,-0.001063921302893,1.0876611130388092,0.0642243900208638,0.0212146798077826,-0.0021303140778361016,-0.004778034274231402,0.004257646093851996,-0.012650518271473305,-0.013215018507079904,0.0032910619186889943,-0.0308806095034401,-0.0314451097390467,-0.0149390293132778
219,2020-07-01,0.0070715075020062,0.00395,0.0414103819324948,0.3134641382579713,55.900001525878906,56.5,55.79999923706055,56.5,48.190914154052734,327002,0.0161870782478134,0.0161870523851634,0.0031215075020061,-0.0007211119801618,-0.0169081643653253,-0.0010642395770873,1.0875773718174873,0.0642236193514466,0.021217056728227,-0.030880609503440102,-0.0190384784431614,-0.021686198639556703,-0.022250698875163302,-0.005744618449394404,-0.015950773340807106,-0.0174726646009319,-0.000966584175163,-0.0111727390665757
220,2020-07-02,0.0086914532026979,0.004,0.0791250493894168,0.2770781759185565,56.70000076293945,57.29999923706055,56.70000076293945,57.0,48.61738586425781,378132,0.0088495575221238,0.0088496289744943,0.0046914532026979,0.0082851287388877,-0.0005645002356066,-0.0010630997041666,1.086981014828063,0.0642668195808424,0.0212349612904981,-0.0174726646009319,-0.031445109739046705,-0.019602978678768,-0.0030968982529991015,-0.013303053144411802,-0.047539844624149806,0.0159415801901623,0.0057354252987495,-0.0285013661809884
221,2020-07-03,0.008811459322827,0.00395,-0.1544400593992031,0.4138067236096044,57.400001525878906,57.5,56.0,56.59999847412109,48.27620697021485,417308,-0.0070175706294544,-0.0070176314085572,0.004861459322827,0.0094884490172117,0.0165060804257689,-0.0010619262845574,1.087065075976344,0.0642670042500099,0.0212296949643263,0.0159415801901623,-0.0009665841751630017,-0.014939029313277806,-0.02514518420469051,-0.05938197568442851,-0.05568289857128941,0.0062999255343561,-0.0279368659453818,-0.0242377888322427
222,2020-07-06,0.0174269248494052,0.00395,-0.0566837367151953,0.4735175954803353,56.900001525878906,57.59999847412109,56.59999847412109,57.400001525878906,48.95856094360352,399136,0.0141343299174043,0.0141343741816681,0.0134769248494051,0.0039282192902554,-0.0102061548914127,-0.0012331668508718,1.069192819256624,0.064368484948337,0.0216861578280368,0.006299925534356198,0.005735425298749599,-0.011172739066575703,-0.045409530546313706,-0.04171045343317461,-0.030006451759320908,-0.0444429463711507,-0.0407438692580116,-0.0290398675841579
223,2020-07-07,-0.0019584926892208,0.00395,-0.0700593485227764,0.0331859324923939,57.59999847412109,61.09999847412109,56.59999847412109,59.29999923706055,50.57913589477539,2175233,0.0331010045413504,0.0331009514973008,-0.0059084926892208,-0.0011358399824371,-0.034236791479738,-0.0012378904543885,1.0687671973167463,0.0643749986003302,0.0217034525087957,-0.044442946371150704,-0.027936865945381806,-0.028501366180988405,-0.024802289067849304,-0.013098287393995604,0.007056645873298198,-0.0305377143665989,-0.0188337126927452,0.0013212205745486
224,2020-07-08,0.0063855864085546,0.00395,-0.0469445845677373,0.2608553923118061,59.20000076293945,59.20000076293945,58.09999847412109,59.09999847412109,50.40855026245117,949581,-0.0033726941907692,-0.0033726482136646,0.0024355864085546,0.0003264288994744,0.0036990771131391,-0.0012421396011535,1.0684689631098447,0.0643721979655007,0.0217139854599556,-0.0305377143665989,-0.04074386925801161,-0.024237788832242705,-0.012533787158389004,0.007621146108904797,-0.0762456606747094,0.0154030787869928,0.0355580120542866,-0.0483087947293276
225,2020-07-09,0.0018487796168837,0.00395,-0.0631573804652977,0.2000898716139275,56.5,56.5,55.0,55.0,49.86457443237305,588102,-0.0693739184429322,-0.0107913405016792,-0.0021012203831163,0.0009126611721744,0.0117040016738537,-0.0011539154782938,1.073743800368005,0.0639068416787501,0.0214683016457653,0.015403078786992801,-0.0188337126927452,-0.029039867584157907,-0.008884934316864105,-0.0927517411004783,-0.09046684642698881,0.0318589349411475,-0.0520078718424667,-0.0497229771689772
226,2020-07-10,-0.0097608270195826,0.00395,-0.2673918250289104,0.0104643175116319,55.5,55.5,53.5,53.70000076293945,48.68595886230469,374000,-0.0236363497647372,-0.0236363306713228,-0.0137108270195826,-0.003481397404029,0.0201549332672938,-0.0013083621057423,1.0588416713691795,0.0642339604821299,0.0221003270891189,0.0318589349411475,0.0355580120542866,0.001321220574548601,-0.0825455862090656,-0.0802606915355761,-0.07241316690474721,-0.0637118735163204,-0.0614269788428309,-0.053579454212002
227,2020-07-13,0.0114198725145283,0.00395,-0.0693893081411266,0.2709910329686769,52.70000076293945,58.70000076293945,52.70000076293945,58.5,53.03777313232422,1504403,0.0893854593829581,0.0893854074503797,0.0074698725145282,0.0055186006667654,-0.0838668067836142,-0.0013519329270178,1.0543721161762178,0.0644867987509152,0.022305413724413,-0.0637118735163204,-0.052007871842466705,-0.0483087947293276,-0.0460239000558381,-0.0381763754250092,-0.0355866070360871,-0.0815819121101247,-0.0737343874792958,-0.0711446190903737
228,2020-07-14,-0.0002088025426087,0.004,-0.2815814049157724,0.2271472442758948,57.20000076293945,59.79999923706055,57.20000076293945,58.29999923706055,52.85644912719727,2857509,-0.0034188164605034,-0.0034187710836682,-0.0042088025426087,-0.0011338764101787,0.0022848946734895,-0.0013414472507147,1.0554503260895876,0.0644327353914279,0.0222574266369288,-0.08158191211012471,-0.0614269788428309,-0.0497229771689772,-0.041875452538148304,-0.0392856841492262,-0.032929044733234304,0.0101324193043183,0.0127221876932404,0.0190788271092324
229,2020-07-15,-0.0005045582212035,0.00395,0.0579900964564396,-0.031381348891363,58.400001525878906,59.900001525878906,57.5,58.20000076293945,52.76578521728516,2112004,-0.0017152397157756,-0.001715285672973,-0.0044545582212035,0.0061322389578559,0.0078475246308289,-0.0012753760390185,1.0616309047242014,0.0641943728963903,0.0219047724749359,0.010132419304318399,-0.07373438747929581,-0.053579454212002005,-0.0509896858230799,-0.044633046407088005,-0.033178742049305605,0.010437293019751,0.0167939324357428,0.0282482367935252
230,2020-07-16,-0.0036966263163109,0.00395,0.1100625723481958,-0.2813168255668011,58.09999847412109,58.900001525878906,58.09999847412109,58.09999847412109,52.67512512207031,814159,-0.0017182523626707,-0.0017181606384045,-0.0076466263163109,0.0008716077505175,0.0025897683889221,-0.0012510715641305,1.063254980669773,0.0642268427512717,0.0218792533517984,0.010437293019751,0.012722187693240499,-0.07114461909037371,-0.06478797967438181,-0.05333367531659941,-0.0694736374022688,0.008946407804914,0.0204007121626964,0.004260750077027
231,2020-07-17,0.0019591910567518,0.00385,-0.4043694837870155,0.3049133326350621,57.900001525878906,58.70000076293945,57.29999923706055,57.59999847412109,52.22180938720703,1162700,-0.0086058522053612,-0.0086058786535914,-0.0018908089432482,-0.0022492392375994,0.0063566394159919,-0.0012540697202056,1.0626328550317774,0.0642652105683051,0.0219168363707419,0.008946407804914,0.016793932435742898,0.0190788271092324,0.0305331314670148,0.0143931693813454,-0.002734218165331398,0.0178109437737742,0.0016709816881048,-0.0154564058585719
232,2020-07-20,-0.0005762424104633,0.00375,0.0976727138877389,0.0150656449140635,58.0,58.0,56.900001525878906,57.5,52.13114547729492,198777,-0.0017360846661484,-0.0017361311485756,-0.0043262424104633,0.0097181732092068,0.0114543043577824,-0.0012380705351844,1.068007747070158,0.0637331496902099,0.0215162038656867,0.017810943773774297,0.0204007121626964,0.028248236793525297,0.012108274707855898,-0.005019112838820901,-0.0036730063824309007,-0.004685657727887,-0.0218130452745638,-0.0204669388181738
233,2020-07-21,0.0183177158980515,0.00375,-0.3239075586689379,0.8472946455325874,57.70000076293945,58.59999847412109,57.59999847412109,58.0,52.5844612121582,1834000,0.008695652173913,0.008695679535005,0.0145677158980515,-0.0074442825506643,-0.0161399620856694,-0.0012580282519486,1.0701254295618492,0.0639252403809235,0.0212909757655668,-0.004685657727887,0.001670981688104898,0.004260750077027,-0.012866637469649798,-0.011520531013259798,0.0188688391713997,-0.0332673496323462,-0.0319212431759561,-0.0015318729912966
234,2020-07-22,0.0061076364084353,0.00375,-0.0242514772301113,0.1756296395822138,58.29999923706055,58.900001525878906,57.900001525878906,58.09999847412109,52.67512512207031,1691243,0.0017241116227774,0.0017241578181492,0.0023576364084353,-0.0154032297285276,-0.0171273875466768,-0.0013111301619613,1.0657013903397208,0.0639624453307199,0.0213094358437984,-0.0332673496323462,-0.0218130452745638,-0.0154564058585719,-0.0141102994021819,0.016279070782477596,0.0655464985222074,-0.0157812810902868,0.0146080890943726,0.0638755168341025
235,2020-07-23,-0.0048286852165427,0.0037,0.0501335894551018,0.0025557055461266,58.29999923706055,58.79999923706055,57.400001525878906,57.59999847412109,52.22180938720703,542301,-0.0086058522053612,-0.0086058786535914,-0.0085286852165427,-0.0072597721972013,0.00134610645639,-0.0010538111684802,1.0846037361915055,0.062597326528715,0.0203258954274298,-0.0157812810902868,-0.031921243175956196,-0.0204669388181738,0.009922431366485698,0.0591898591062155,0.089070776443935,0.0317354766410495,0.0810029043807793,0.1108838217184988
236,2020-07-24,-0.0087810882472777,0.00365,-0.320910326920872,0.1048128321822547,57.29999923706055,57.400001525878906,55.29999923706055,55.400001525878906,50.22723007202149,909100,-0.0381943924743438,-0.0381943739328602,-0.0124310882472777,-0.0078050037482007,0.0303893701846595,-0.0010819616454374,1.0846558338032886,0.0625837408156845,0.0202297449253183,0.0317354766410495,0.014608089094372698,-0.0015318729912966976,0.04773555474843311,0.0776164720861526,0.0807946488940824,0.0796567979243893,0.1095377152621088,0.1127158920700386
237,2020-07-27,0.0231029616875872,0.0037,-1.0734302807044371,1.6500612412857587,55.09999847412109,55.70000076293945,53.59999847412109,53.59999847412109,48.59529113769531,492176,-0.0324910289202244,-0.0324911194980515,0.0194029616875872,0.0167763082416783,0.0492674277397298,-0.0010870541014693,1.088142787603338,0.0625509155260611,0.020029608146902,0.0796567979243893,0.0810029043807793,0.0638755168341025,0.093756434171822,0.0969346109797518,0.0807908210769244,0.0791483450774493,0.0823265218853791,0.0661827319825517
238,2020-07-28,-0.0001246662346662,0.0037,-0.3018001008693896,0.2030721552628761,54.5,54.59999847412109,51.79999923706055,52.400001525878906,47.50734329223633,536160,-0.0223880034030516,-0.0223879273071185,-0.0038246662346662,0.0074929900306009,0.0298809173377195,-0.0010581765059764,1.0898851257373594,0.0621432418567036,0.0198719985752353,0.0791483450774493,0.1095377152621088,0.1108838217184988,0.11406199852642859,0.09791820862360119,0.09129868939933419,0.0330590941456493,0.0169153042428219,0.0102957850185549
239,2020-07-29,-0.0036356337574013,0.0037,0.4186743050451745,-0.322867794320571,52.0,53.0,52.0,53.0,48.05131912231445,548045,0.0114503522261305,0.0114503525640639,-0.0073356337574013,0.0146285293719937,0.0031781768079298,-0.0002345019689751,1.1766308144632007,0.0590610887419316,0.0167172294476581,0.0330590941456493,0.0823265218853791,0.1127158920700386,0.0965721021672112,0.0899525829429442,0.0896487103309507,-0.0129656130948975,-0.0195851323191645,-0.019889004931158
240,2020-07-30,0.0145084630040306,0.00365,-0.1019683775312625,0.4792219406928475,53.59999847412109,54.70000076293945,52.70000076293945,54.09999847412109,49.04861068725586,714056,0.020754688190964,0.0207547177300753,0.0108584630040306,0.0046109278272478,-0.0161437899028274,-0.0001676745312819,1.1816248441000186,0.0582536628725592,0.0164288904615527,-0.012965613094897598,0.016915304242821904,0.0661827319825517,0.0595632127582847,0.0592593401462912,0.0393173933802862,-0.0227633091270944,-0.0230671817390879,-0.0430091285050929
241,2020-07-31,-0.0045681429690972,0.00365,0.1661223391931421,-0.2216668978676281,54.400001525878906,54.70000076293945,53.79999923706055,54.09999847412109,49.04861068725586,310093,0.0,0.0,-0.0082181429690972,-0.006619519224267,-0.006619519224267,-0.000187218641342,1.1801201066664289,0.0582654421828624,0.016492939639108,-0.0227633091270944,-0.019585132319164596,0.010295785018554904,0.009991912406561405,-0.009950034359443596,-0.0339334235664832,-0.0069233918362605,-0.0268653386022655,-0.0508487278093051
242,2020-08-03,-0.0119835712834423,0.00365,0.1416847581648233,-0.3262788107551108,54.29999923706055,54.59999847412109,53.59999847412109,54.29999923706055,49.22993469238281,539157,0.0036968718776419,0.0036968224499387,-0.0156335712834423,0.0033929498379452,-0.0003038726119935,-0.0001599732309215,1.1831377458826322,0.0581878004022076,0.0163476555539509,-0.0069233918362605,-0.0230671817390879,-0.019889004931158097,-0.039830951697163094,-0.0638143409042027,-0.1841969318738199,-0.0202458193779985,-0.0442292085850381,-0.1646117995546553
243,2020-08-04,0.0157347696069636,0.0034999999999999,-0.1219010748395781,0.5226719102673174,54.29999923706055,56.29999923706055,54.29999923706055,55.5,50.31788635253906,1602118,0.0220994618747698,0.022099392716127,0.0122347696069636,0.0021574459501219,-0.019941946766005,-7.26561744687438e-05,1.191893921627858,0.0571878899291658,0.0158874409617509,-0.020245819377998502,-0.0268653386022655,-0.043009128505092906,-0.06699251771213251,-0.18737510868174972,-0.16139984273361732,-0.0439253359730446,-0.1643079269426618,-0.1383326609945294
244,2020-08-05,0.0072683292562296,0.00345,0.0827900862717026,0.1644154863335691,55.70000076293945,57.70000076293945,55.59999847412109,57.09999847412109,51.76849365234375,1371208,0.0288288013355152,0.0288288599731989,0.0038183292562295,0.0048454707661593,-0.0239833892070396,-8.105506084941623e-05,1.1929664852306503,0.0570083884931862,0.0158125732622703,-0.0439253359730446,-0.04422920858503811,-0.050848727809305105,-0.1712313187789223,-0.1452560528307899,-0.1407105230047149,-0.1443659801766568,-0.1183907142285244,-0.1138451844024494
245,2020-08-06,0.0086859546338529,0.0034,-0.1437637220655483,0.1789510923113188,58.0,59.29999923706055,57.20000076293945,58.79999923706055,53.30976104736328,1473246,0.0297723434040007,0.0297723052436111,0.0052859546338529,-0.090610285726006,-0.1203825909696172,-4.8116293332617376e-05,1.1994163987860489,0.0570451640936792,0.0153884552424729,-0.1443659801766568,-0.1643079269426618,-0.16461179955465532,-0.13863653360652292,-0.13409100378044791,-0.10260131070601532,-0.0944073250214848,-0.0898617951954098,-0.0583721021209771
246,2020-08-07,-0.0065535976158671,0.00365,0.0679470505306037,-0.1883500897584674,59.0,59.20000076293945,57.59999847412109,57.59999847412109,52.22180938720703,934105,-0.0204081765052662,-0.020408113613371,-0.0102035976158671,0.0055671523347614,0.0259752659481324,-8.930146869914809e-05,1.195859691065273,0.0571403765637496,0.0155077239006958,-0.0944073250214848,-0.1183907142285244,-0.1383326609945294,-0.1337871311684544,-0.1022974380940218,-0.10446792098607119,0.0305207957742074,0.0620104888486399,0.0598400059565905
247,2020-08-10,0.0050768214361483,0.00345,-0.0432175873072804,-0.0802501721566685,57.70000076293945,58.20000076293945,56.0,56.20000076293945,50.95252990722656,419502,-0.024305516463002,-0.0243055438881711,0.0016268214361483,-0.0197600140620961,0.004545529826075,-8.056952824824393e-05,1.1989273892430306,0.0569878741645571,0.0153694900246031,0.0305207957742074,-0.0898617951954098,-0.1138451844024494,-0.0823554913280168,-0.08452597422006619,-0.05392692280516469,0.0360352229005076,0.0338647400084582,0.0644637914233597
248,2020-08-11,-0.008826552684388,0.0034999999999999,0.1105834119007956,-0.2739195675859149,56.20000076293945,56.79999923706055,55.29999923706055,55.70000076293945,50.49921798706055,469100,-0.008896797032247,-0.0088967499943849,-0.012326552684388,0.0225929430800477,0.0314896930744326,-0.000117060684988,1.1980634173771318,0.0577623263313887,0.0155570691820255,0.0360352229005076,0.062010488848639994,-0.058372102120977196,-0.0605425850130266,-0.029943533598125096,-0.0879375947557389,0.0293192101823831,0.0599182615972846,0.0019242004396708
249,2020-08-12,-0.008594615308497,0.0035499999999999,0.2011267496469397,-0.3368723512822325,55.400001525878906,56.20000076293945,54.59999847412109,55.70000076293945,50.49921798706055,660002,0.0,0.0,-0.012144615308497,-0.0021704828920494,-0.0021704828920494,0.0001409030973667,1.2373899296399316,0.059678886543301,0.0135689208868282,0.029319210182383197,0.0338647400084582,0.05984000595659059,0.09043905737149209,0.032444996213878294,-0.017013708428066904,0.0284285685228521,-0.0295654926347616,-0.0790241972767069
250,2020-08-13,0.007322629311574,0.0036,-0.1472718423006916,0.4444832765339925,56.5,56.70000076293945,55.20000076293945,55.20000076293945,50.0458984375,383002,-0.0089766605592702,-0.0089767637525931,0.003722629311574,0.0216222876623083,0.0305990514149015,8.232730846856112e-05,1.2315866590222742,0.0602082695581534,0.0138762266515185,0.0284285685228521,0.059918261597284694,0.0644637914233597,0.006469730265745904,-0.04298897437619929,-0.04589330764660329,-0.0273950097427122,-0.0768537143846574,-0.0797580476550614
251,2020-08-14,0.0025330838455649,0.00365,0.2475973658960618,-0.1172165931680122,55.400001525878906,58.09999847412109,55.29999923706055,57.20000076293945,51.85915756225586,1156001,0.0362318835571968,0.0362319227223058,-0.0011169161544351,-0.021762138435308,-0.0579940611576138,7.1120304363408e-05,1.2316340579920722,0.0599284854933932,0.0138445303400293,-0.027395009742712296,-0.029565492634761697,0.0019242004396708978,-0.0475345042022743,-0.0504388374726783,-0.013280861957082599,-0.107452765799559,-0.110357099069963,-0.0731991235543672
252,2020-08-17,0.0125552650014489,0.0037,-0.0309391800353776,0.2464222786486569,57.0,59.5,56.29999923706055,59.5,53.94440460205078,1473209,0.0402097763353657,0.0402098132290642,0.0088552650014489,-0.009248891412881,-0.0494587046419452,8.202465857046507e-05,1.2322426276816332,0.0599246382367105,0.0138658193350069,-0.107452765799559,-0.07685371438465749,-0.0790241972767069,-0.0819285305471109,-0.0447705550315152,0.008274463569467407,-0.0523630379123492,-0.0152050623967534,0.0378399562042291
253,2020-08-18,-0.0064811660943342,0.0037,0.1083154400339848,-0.2319813076408403,59.5,60.70000076293945,58.0,60.20000076293945,54.579044342041016,2199168,0.0117647187048647,0.0117647000587362,-0.0101811660943342,0.0088603667883321,-0.002904333270404,7.848705450082467e-05,1.2319494033179184,0.0599239028695806,0.0138795140480147,-0.0523630379123492,-0.110357099069963,-0.07975804765506149,-0.04260007213946579,0.010444946461516814,-0.04909810570066028,0.0342536422451917,0.0872986608461743,0.0277556086839972
254,2020-08-19,-0.0072637496604031,0.00365,0.1458091193769374,-0.1161202954721817,60.400001525878906,60.79999923706055,58.59999847412109,58.59999847412109,53.12843704223633,1754515,-0.0265781107731041,-0.0265781000252384,-0.0109137496604031,0.0105798754903573,0.0371579755155957,0.0001442093295283,1.234491681917801,0.0599925897237585,0.0136378331873042,0.0342536422451917,-0.015205062396753496,-0.07319912355436729,-0.02015410495338469,-0.07969715711556179,-0.06773391709643889,0.0902029941165783,0.0306599419544012,0.0426231819735241
255,2020-08-20,-0.0325543259255194,0.00365,-0.0610171777447258,-0.6380260254680935,58.5,58.70000076293945,54.5,55.59999847412109,50.40855026245117,1171082,-0.0511945405821957,-0.0511945566481258,-0.0362043259255194,0.0018504619528567,0.0530450186009826,0.0001571408892183,1.2352971079949728,0.0599782792056223,0.013659273483171,0.09020299411657831,0.0872986608461743,0.03783995620422911,-0.02170309595794799,-0.009739855938825091,-0.015256351611251391,-0.0064980335611944,0.0054652064579284,-5.128921449789464e-05
256,2020-08-21,0.0198339676869486,0.0037,-0.002067122038254,0.4939376339410327,56.400001525878906,59.70000076293945,56.0,59.20000076293945,53.67241668701172,2240330,0.0647482443815888,0.0647482700368744,0.0161339676869486,0.0052052178746973,-0.0595430521621771,0.0002131061368462,1.2387120376168883,0.0602090676972619,0.0136571657436502,-0.006498033561194494,0.030659941954401214,0.0277556086839972,0.0397188487031201,0.0342023530306938,0.0110042431787301,-0.0475798121430542,-0.0530963078154805,-0.0762944176674442
257,2020-08-24,0.0031163180647458,0.00365,-0.001743966397652,0.1785792948821456,59.20000076293945,59.59999847412109,57.5,58.400001525878906,52.94711685180664,1001102,-0.0135135004518676,-0.0135134558861887,-0.0005336819352541,-0.0015502158670658,0.0119632400191229,0.0006283212829595,1.2873574787356188,0.0580790650704449,0.011541510119821,-0.0475798121430542,0.0054652064579284055,0.04262318197352411,0.03710668630109781,0.013908576449134114,0.011995137400036214,0.0064467443466965,-0.0167513655052671,-0.018664804554365
258,2020-08-25,0.0087861924576668,0.0037,-0.0427483786575471,0.1102262851449583,58.70000076293945,59.09999847412109,58.09999847412109,58.5,53.03777313232422,438331,0.0017123025943206,0.0017122042881261,0.0050861924576668,-0.0038042913843002,-0.0055164956724263,0.0005369284168143,1.2800712084286516,0.0582857389973347,0.0119387283896009,0.006446744346696599,-0.0530963078154805,-5.128921449789464e-05,-0.023249399066461594,-0.025162838115559492,-0.04587672696335939,-0.02871460552439,-0.0306280445734879,-0.0513419334212878
259,2020-08-26,0.0058816874620343,0.0039,-0.1034558959541103,0.1630462662959132,58.79999923706055,61.29999923706055,58.59999847412109,60.59999847412109,54.94169616699219,3386580,0.0358974098140357,0.0358974919613963,0.0019816874620342,0.0126993821094326,-0.0231981098519637,-3.585821672826516e-05,1.2104607035259214,0.0609401216280882,0.0151097798650846,-0.02871460552439,-0.0167513655052671,-0.0762944176674442,-0.0782078567165421,-0.098921745564342,-0.1225736628826121,-0.0251115489010615,-0.0458254377488615,-0.0694773550671316
260,2020-08-27,-0.0028036823480558,0.00375,-0.0294961554422006,0.011138802916142,61.5,62.5,59.79999923706055,60.5,54.85103225708008,2409464,-0.0016501398785314,-0.0016501840357556,-0.0065536823480557,-0.0035636230848536,-0.0019134390490979,-3.613356349161582e-05,1.2104389886312856,0.060940569743885,0.0151110226317961,-0.025111548901061598,-0.0306280445734879,-0.018664804554365,-0.0393786934021649,-0.063030610720435,-0.0760497622322624,-0.0226273278968977,-0.0462792452151678,-0.0592983967269952
261,2020-08-28,-0.0053495588710548,0.0039,0.1645882355292901,-0.2495952126993912,60.5,62.59999847412109,60.20000076293945,61.5,55.757659912109375,1986403,0.0165289256198347,0.0165289078021366,-0.0092495588710548,-0.0041849810456632,-0.0207138888477999,-9.305086423991478e-06,1.21252760669082,0.0609594486730981,0.0149996923835239,-0.022627327896897798,-0.0458254377488615,-0.0513419334212878,-0.0749938507395579,-0.08801300225138531,-0.0866738987062499,-0.04436580616607,-0.0573849576778974,-0.0560458541327619
262,2020-08-31,-0.0107943308530649,0.00385,0.2431054563390475,-0.4401907575675876,62.09999847412109,62.400001525878906,61.09999847412109,61.79999923706055,56.02964782714844,1119351,0.0048780363749682,0.0048780367660299,-0.0146443308530649,-0.0187738805522401,-0.0236519173182701,2.3855091139446506e-05,1.221654061092997,0.0607559601390947,0.0144568730882403,-0.04436580616607,-0.046279245215167894,-0.0694773550671316,-0.08249650657895899,-0.08115740303382359,-0.10041173490741288,-0.0366710688300975,-0.035331965284962,-0.0545862971585514
263,2020-09-01,0.0088814295724754,0.0039,-0.1429534136895756,0.3643064448678693,62.20000076293945,63.79999923706055,61.59999847412109,62.20000076293945,56.39230346679688,1570251,0.0064725166798874,0.0064725668233225,0.0049814295724753,-0.0065465846885049,-0.0130191515118274,0.0001561082854296,1.2328732210354931,0.0612837118592136,0.0141283460635136,-0.0366710688300975,-0.0573849576778974,-0.059298396726995294,-0.05795929318185989,-0.0772136250554492,-0.07278152618062879,-0.011680047966692,-0.0309343798402813,-0.0265022809654609
264,2020-09-02,-0.0002975824634369,0.0038,0.053228859677187,-0.0149386093200384,62.79999923706055,63.29999923706055,61.09999847412109,61.29999923706055,55.57633590698242,1038683,-0.0144694777305397,-0.0144694844801807,-0.0040975824634369,-0.0131303809350452,0.0013391035451354,0.0004168559456423,1.2619068829893774,0.060488716875209,0.0130844131527095,-0.011680047966692,-0.035331965284962095,-0.056045854132761995,-0.0753001860063513,-0.0708680871315309,-0.04380494846658829,-0.0179152283284539,-0.0134831294536335,0.0135800092113091
265,2020-09-03,0.0046040967410134,0.0038,-0.025645893236169,0.0819113783397195,61.70000076293945,62.0,60.400001525878906,60.79999923706055,55.12302017211914,552001,-0.0081566069530668,-0.0081566322692088,0.0008040967410134,-0.0274109641427982,-0.0192543318735893,0.0005384369209939,1.2721395440759766,0.0602876229918343,0.0125457514420705,-0.0179152283284539,-0.0309343798402813,-0.0545862971585514,-0.050154198283731,-0.0230910596187884,0.009321017845455803,-0.0148222329987689,0.0122409056661737,0.0446529831304179
266,2020-09-04,-0.0094074162129508,0.0039,0.1141226274279733,-0.3514028839450246,59.0,60.79999923706055,58.900001525878906,59.70000076293945,54.125732421875,928005,-0.018092080393491,-0.0180920375394917,-0.0133074162129508,-0.0136599386646712,0.0044320988748204,0.0005917105216831,1.288714900949242,0.059209241671215,0.011807432890121,-0.014822232998768902,-0.013483129453633502,-0.026502280965460902,0.0005608576994816997,0.0329729351637259,0.035365668927304104,0.031495237539763,0.0639073150040072,0.0663000487675854
267,2020-09-07,-0.0028920674731774,0.00395,-0.0494855975978256,-0.3358527947388587,60.0,60.5,59.0,59.09999847412109,53.58175277709961,362098,-0.0100502894665091,-0.0100502962349853,-0.0068420674731774,0.0170128424299572,0.0270631386649426,0.0006003392944002,1.288709751069328,0.0590929281295878,0.0117280261864889,0.031495237539763,0.0122409056661737,0.0135800092113091,0.0459920866755533,0.048384820439131504,0.050057770518870906,0.0594752161291868,0.061867949892765,0.0635408999725044
268,2020-09-08,0.0049327199962429,0.00395,-0.1214730616645827,0.2469553138935672,59.5,59.79999923706055,57.29999923706055,57.29999923706055,51.94982147216797,836028,-0.0304568406689339,-0.0304568480937994,0.0009827199962428,0.0019552293704447,0.0324120774642442,0.000766437672874,1.3031037864181048,0.0594938365731543,0.0118093299500188,0.059475216129186805,0.0639073150040072,0.044652983130417906,0.04704571689399611,0.04871866697373551,0.016029867141493008,0.0348048112278224,0.0364777613075618,0.0037889614753193
269,2020-09-09,-0.0043415511951623,0.0039,0.0736916236791531,-0.2523603138344262,57.29999923706055,58.5,56.5,58.09999847412109,52.67512512207031,335006,0.0139615924557137,0.0139616196812326,-0.0082415511951623,0.0163543534448108,0.0023927337635782,0.0007463217425836,1.3066782849982486,0.0592178861784278,0.0115354605327193,0.034804811227822405,0.061867949892765006,0.0663000487675854,0.0679729988473248,0.0352841990150823,0.0362966607537805,0.0040656838433176,-0.0286231159889249,-0.0276106542502267
270,2020-09-10,0.0065962956462713,0.00385,-0.1911608382714674,0.286752087289973,58.09999847412109,58.5,55.79999923706055,57.0,51.677833557128906,1287151,-0.018932848588818,-0.0189328751024371,0.0027462956462712,-0.0172599250226976,0.0016729500797394,0.0006324018025262,1.2934265256697062,0.0596818868095876,0.0120911006076639,0.0040656838433176,0.03647776130756181,0.06354089997250441,0.030852100140261907,0.031864561878960106,0.003556762413312306,-0.0310158497525031,-0.0300033880138049,-0.0583111874794527
271,2020-09-11,-0.0012448877962061,0.0038,-0.1336702385657074,0.1108446270757222,57.0,57.0,55.0,56.0,50.77120590209961,947005,-0.0175438596491228,-0.0175438402236238,-0.0050448877962061,-0.0502326400558663,-0.0326887998322425,0.00094745420565,1.3264698154985632,0.0581674673781177,0.0106858043326787,-0.031015849752503103,-0.0286231159889249,0.003788961475319305,0.004801423214017505,-0.023506376251630295,-0.10723638937635979,-0.0316763380935443,-0.0599841375591921,-0.1437141506839216
272,2020-09-14,0.0088253831439688,0.00405,-0.033520869304485,0.2887738493840306,56.0,56.5,55.59999847412109,56.09999847412109,50.86186599731445,574002,0.0017856870378766,0.0017856596786307,0.0047753831439687,0.002798121417329,0.0010124617386982,0.000962795916478,1.3271751321524294,0.0581186344478901,0.0106452898268608,-0.0316763380935443,-0.030003388013804904,-0.027610654250226702,-0.055918453715874505,-0.139648466840604,-0.20547180705452311,-0.0272953377269496,-0.1110253508516791,-0.1768486910655982
273,2020-09-15,0.0045222779732423,0.00405,-0.0521188543224072,0.152405053382243,56.29999923706055,57.0,56.20000076293945,56.900001525878906,51.5871696472168,1155101,0.014260304340772,0.0142602642604705,0.0004722779732422,-0.0140475352051772,-0.0283077994656478,0.0010767417962511,1.3366262746350166,0.0581248473491254,0.0101825283146973,-0.0272953377269496,-0.0599841375591921,-0.0583111874794527,-0.14204120060418218,-0.2078645408181013,-0.2947587507683722,-0.1120378125903772,-0.1778611528042963,-0.2647553627545673
274,2020-09-16,0.0102065190171831,0.0039,-0.2614945842489862,0.5355825488505698,57.0,57.70000076293945,56.5,57.0,51.677833557128906,645112,0.0017574423803066,0.0017574895178804,0.006306519017183,-0.081972523606849,-0.0837300131247295,0.0011456918930229,1.3422998427375816,0.0581726339134939,0.0098659182499879,-0.11203781259037729,-0.1110253508516791,-0.1437141506839216,-0.20953749089784068,-0.2964317008481116,-0.3368646575759,-0.1495533533386486,-0.2364475632889195,-0.2768805200167079
275,2020-09-17,-0.0080158323902661,0.0039,0.2476445737894785,-0.3318741147098223,57.29999923706055,57.70000076293945,57.0,57.09999847412109,51.76849365234375,252012,0.0017543591951069,0.0017543323505351,-0.0119158323902661,-0.064069007863384,-0.0658233402139191,0.0011436789250095,1.342183325326162,0.0581818404027911,0.0098672373722157,-0.1495533533386486,-0.17786115280429637,-0.1768486910655982,-0.2637429010158691,-0.3041758577436575,-0.3143913002382767,-0.15271755016419,-0.1931505068919784,-0.2033659493865976
276,2020-09-18,0.0002237194847457,0.0038,0.1223393084464789,-0.0429850281139391,57.400001525878906,58.29999923706055,57.09999847412109,58.29999923706055,52.85644912719727,478925,0.0210157757444305,0.0210157838889382,-0.0035762805152543,-0.0658784260613327,-0.0868942099502709,0.0010616545685524,1.336599381838445,0.0582183062995042,0.0100917253061628,-0.15271755016419,-0.23644756328891953,-0.2647553627545673,-0.3051883194823557,-0.3154037619769749,-0.4229239054726119,-0.1273271666780593,-0.1375426091726785,-0.2450627526683155
277,2020-09-21,-0.0062521260543048,0.00385,-0.0052037832240131,-0.1195466084889422,58.70000076293945,59.5,57.59999847412109,57.59999847412109,52.22180938720703,713917,-0.012006874307032,-0.0120068553690203,-0.0101021260543048,-0.0524398120968087,-0.0404329567277884,0.0009400236333136,1.3240047044449847,0.0586561401810077,0.0106179474733724,-0.1273271666780593,-0.1931505068919784,-0.27688052001670793,-0.28709596251132713,-0.3946161060069641,-0.2843698807642307,-0.0506483992224075,-0.1581685427180446,-0.0479223174753111
278,2020-09-22,-0.0116927664759888,0.0039,-0.0423314086663366,-0.2114508246130044,57.59999847412109,57.79999923706055,56.400001525878906,56.400001525878906,51.13385772705078,572104,-0.0208332809033203,-0.0208332815910199,-0.0155927664759888,-0.0310487240856392,-0.0102154424946192,0.000864619593137,1.3167067550752185,0.0588755502408718,0.0110168548210678,-0.050648399222407596,-0.1375426091726785,-0.2033659493865976,-0.3108860928822346,-0.2006398676395012,-0.2232704955283503,-0.1177355859902562,-0.0074893607475227,-0.0301199886363718
279,2020-09-23,-0.0048736574447976,0.0039,-0.0233897700909881,0.0011876679715231,56.79999923706055,56.79999923706055,55.70000076293945,56.09999847412109,50.86186599731445,220005,-0.0053192029014424,-0.0053192100464667,-0.0087736574447976,-0.1128393535421038,-0.107520143495637,0.0008813867098836,1.3187841533562228,0.0587861392654136,0.0109149096527336,-0.1177355859902562,-0.1581685427180446,-0.2450627526683155,-0.1348165274255821,-0.15744715531443118,-0.10282328380604408,0.0027260817470964,-0.0199045461417526,0.0347193253666344
280,2020-09-24,-0.0253896256937722,0.00415,-0.0720035146317681,-0.4399937609533346,56.09999847412109,56.09999847412109,54.29999923706055,54.400001525878906,49.32059860229492,426471,-0.030302976728714,-0.0303030053026546,-0.0295396256937722,0.0799432199400788,0.1102462252427334,0.0007514246910772,1.310906371608693,0.0594282519745097,0.0111586769564159,0.002726081747096404,-0.007489360747522794,-0.047922317475311185,-0.07055294536416029,-0.01592907385577319,0.06006880643209661,0.0876155973538843,0.1422394688622714,0.2182373491501412
281,2020-09-25,-0.0025659451894997,0.0040999999999999,-0.0412917223873278,-0.1427808049599956,54.20000076293945,55.20000076293945,51.20000076293945,53.0,48.05131912231445,868158,-0.0257353214450353,-0.0257352813216141,-0.0066659451894996,-0.0483659092104633,-0.0226306278888491,0.0009561628596614,1.3329458618178456,0.0587148204196225,0.0100737582571291,0.0876155973538843,-0.019904546141752695,-0.030119988636371893,0.024503882872015208,0.10050176315988502,0.08861989482853591,0.031993243619538,0.1079911239074078,0.0961092555760587
282,2020-09-28,0.0187894463736877,0.0040999999999999,-0.020463530132442,0.3228520979113636,53.5,53.900001525878906,52.900001525878906,53.900001525878906,48.86728286743164,485056,0.0169811608656397,0.0169810893857076,0.0146894463736877,0.0716049608940948,0.0546238715083871,0.000827600487073,1.320820729809475,0.0595575846807504,0.0105716270845301,0.031993243619538,0.1422394688622714,0.034719325366634406,0.11071720565450421,0.09883533732315511,0.1065919177033163,0.1306217517962569,0.1187398834649078,0.126496463845069
283,2020-09-29,0.0003988444949978,0.00405,-0.0242367259804106,-0.008266021281101,53.900001525878906,54.29999923706055,53.0,53.59999847412109,48.59529113769531,222001,-0.0055659191700351,-0.0055659270124388,-0.0036511555050022,0.070431953275431,0.0759978802878698,0.0007903589423535,1.3186113504225436,0.0598183574058714,0.0106984395602721,0.1306217517962569,0.10799112390740781,0.2182373491501412,0.2063554808187921,0.2141120611989533,0.2121756767094089,0.0641160119565207,0.0718725923366818,0.0699362078471374
284,2020-09-30,0.0038403046113732,0.00385,0.0152986038886022,0.0593800074418211,53.59999847412109,55.79999923706055,53.400001525878906,55.29999923706055,50.13656234741211,1118074,0.0317164330472927,0.0317164723913185,-9.695388626800116e-06,0.0198346040599694,-0.0118818683313491,0.0007605649438114,1.3175551571575008,0.0597684234205206,0.0106449132828657,0.0641160119565207,0.1187398834649078,0.0961092555760587,0.1038658359562199,0.1019294514666755,0.12370690204973189,-0.0041252879511878,-0.0060616724407322,0.0157157781423241
285,2020-10-05,0.0026103338916205,0.0038,0.0951034675968908,-0.0036223587841322,55.0,55.59999847412109,54.79999923706055,55.29999923706055,50.13656234741211,549003,0.0,0.0,-0.0011896661083795,0.0077565803801612,0.0077565803801612,0.0008168264616671,1.3221756771643067,0.0595875360264796,0.0104749419354709,-0.004125287951187899,0.07187259233668189,0.126496463845069,0.12456007935552459,0.14633752993858098,0.15137988602716057,0.0058201958906168,0.0275976464736731,0.0326400025622528
286,2020-10-06,0.0124280133942034,0.00385,0.0036853352139751,0.3159170901096372,55.79999923706055,56.0,55.20000076293945,55.20000076293945,50.0458984375,184011,-0.0018082906962153,-0.0018083391773825,0.0085780133942034,-0.003744723666927,-0.0019363844895444,0.0008156457511905,1.3223915970950966,0.0596121963099377,0.0104557615611758,0.0058201958906168,-0.006061672440732299,0.06993620784713749,0.09171365843019388,0.09675601451877348,0.14122479984781827,0.0198410660935119,0.0248834221820915,0.0693522075111364
287,2020-10-07,0.0033169776430894,0.00375,-0.0836431910063741,0.1734998746220309,55.20000076293945,55.29999923706055,54.5,54.5,49.41126251220703,180001,-0.0126811730663856,-0.0126810776728394,-0.0004330223569105,0.009096372910217,0.0217774505830564,0.0008214988988189,1.3226474646485484,0.0596489208634711,0.010441497720817,0.019841066093511998,0.027597646473673198,0.0157157781423241,0.0207581342309037,0.0652269195599485,0.076402920294424,0.026819806671636,0.0712885920006808,0.0824645927351563
288,2020-10-08,0.0110478756858091,0.0031,-0.2384075196867197,0.405624068206764,55.0,55.0,54.0,54.20000076293945,49.1392707824707,166005,-0.0055045731570742,-0.0055046504765817,0.007947875685809,-0.000462294388002,0.0050423560885796,0.0008762066963739,1.3255515677137142,0.0598520594391514,0.0103677330591028,0.026819806671636,0.024883422182091598,0.0326400025622528,0.0771087878912976,0.0882847886257731,0.08838764831031211,0.0495111414176244,0.0606871421520999,0.0607900018366389
289,2020-10-12,0.0053324056114041,0.0031,-0.2759584673495887,0.29441749943194,55.0,55.0,52.79999923706055,53.09999847412109,48.1419792175293,825054,-0.020295244895467,-0.0202952048140113,0.0022324056114041,0.0241735805150334,0.0444687853290448,0.0008672286791012,1.3249445403147913,0.059887209723395,0.0104057183140774,0.0495111414176244,0.0712885920006808,0.0693522075111364,0.0805282082456119,0.0806310679301509,0.0658815336356002,0.0556447860635203,0.0557476457480593,0.0409981114535086
290,2020-10-13,-0.000677704100415,0.00305,-0.0144597799878905,-0.0423843461439906,53.0,53.900001525878906,53.0,53.79999923706055,48.7766227722168,238136,0.013182688946415,0.013182747469103,-0.003727704100415,0.0243587482035786,0.0111760007344755,0.0008662725949187,1.3248902297246925,0.0598932723034347,0.0104106571803495,0.0556447860635203,0.0606871421520999,0.0824645927351563,0.0825674524196953,0.06781791812514461,0.09231897207487741,0.0112788604190145,-0.0034706738755361,0.0210303800741966
291,2020-10-14,-0.0021487629113022,0.00275,0.1133015405553705,-0.0829817841487863,53.900001525878906,55.20000076293945,53.900001525878906,55.0,49.86457443237305,385000,0.0223048472110911,0.0223047763113264,-0.0048987629113022,0.0224076359958654,0.000102859684539,0.0008695468548858,1.3242989390707731,0.0598958231517513,0.0104279000701256,0.0112788604190145,0.0557476457480593,0.0607900018366389,0.0460404675420882,0.070541521491821,0.0343656915748774,-0.0146466746100117,0.0098543793397211,-0.0263214505772224
292,2020-10-15,-0.0070815903368965,0.0031,0.1162283390026152,-0.2126968300285421,55.0,56.70000076293945,55.0,56.0,50.77120590209961,1170017,0.0181818181818181,0.0181818752099478,-0.0101815903368965,0.0034323409153971,-0.0147495342945507,0.000882468983744,1.3204267583645786,0.059529059829657,0.0102855275436687,-0.0146466746100117,-0.0034706738755361996,0.0409981114535086,0.06549916540324141,0.029323335486297814,0.06740827833996091,0.0097515196551821,-0.0264243102617614,0.0116606325919016
293,2020-10-16,-0.0060376738546165,0.003,0.0156083827828238,-0.1937425955121274,55.70000076293945,56.5,55.29999923706055,55.29999923706055,50.13656234741211,562000,-0.0125000136239188,-0.0125000685607361,-0.0090376738546165,0.0120009853889967,0.0245010539497328,0.0006769359362303,1.2975584813674206,0.0605616592774063,0.011420227220873,0.009751519655182101,0.009854379339721102,0.0210303800741966,-0.015145449842746996,0.022939493010916107,0.04158179133291281,-0.0116747759672107,0.0264101668864523,0.045052465208449
294,2020-10-19,0.012389422825425,0.00305,-0.1112084392115254,0.2912010903571028,55.5,56.79999923706055,55.5,56.70000076293945,51.40584564208984,572474,0.0253164836382251,0.0253165202249501,0.009339422825425,-0.0108593096919935,-0.0361758299169436,0.0005664690610319,1.2842414586830206,0.0608755771299886,0.0118757124783701,-0.011674775967210796,-0.026424310261761494,-0.026321450577222495,0.011763492276440607,0.03040579059843731,0.03214281952890461,0.0019091129367195,0.0205514112587162,0.0222884401891835
295,2020-10-20,-0.0035612423533114,0.0031,0.1486674882571505,-0.1616671932262722,56.59999847412109,56.900001525878906,56.20000076293945,56.5,51.224517822265625,396205,-0.0035273502689294,-0.0035273774326503,-0.0066612423533114,0.0345575654210128,0.0380849428536631,0.0005374553530402,1.2814289966916752,0.060989863189849,0.0120057922733203,0.001909112936719505,0.026410166886452306,0.011660632591901608,0.03030293091389831,0.03203995984436561,0.019388873786749014,0.0567272411756598,0.0584642701061271,0.0458131840485105
296,2020-10-21,0.0011568538828327,0.003,-0.0088033678811205,0.0795505182445101,56.79999923706055,57.20000076293945,56.5,56.59999847412109,51.31517791748047,429776,0.0017698844977184,0.0017698574641427,-0.0018431461171673,0.0204121557861394,0.0186422983219967,0.0007095768073258,1.297732090687396,0.0606004907618386,0.011371167425624,0.056727241175659804,0.020551411258716207,0.04505246520844901,0.04678949413891631,0.03413840808129971,0.05079346998258631,0.020379327252464,0.0077282411948474,0.024383303096134
297,2020-10-22,0.003089190117261,0.0031,-0.0664065711184245,0.0184308165501091,56.79999923706055,57.29999923706055,56.0,56.0,50.77120590209961,366002,-0.0106006800405732,-0.0106006066325174,-1.0809882739000033e-05,-0.0088635777020501,0.0017370289304673,0.0006622859312989,1.293811948351076,0.0605750651779248,0.0115051540642711,0.020379327252464,0.058464270106127106,0.022288440189183505,0.009637354131566906,0.026292416032853504,-0.004517068318498595,-0.0109140571271493,0.0057410047741373,-0.0250684795772147
298,2020-10-23,-0.0014097637422857,0.003,0.1530887239661698,-0.1659085683271144,56.400001525878906,56.79999923706055,56.09999847412109,56.59999847412109,51.31517791748047,191150,0.0107142584664481,0.0107141834769453,-0.0044097637422857,-0.0019369025806713,-0.0126510860576166,0.0005724048031446,1.286931856199249,0.0604456135404625,0.0115338772440012,-0.0109140571271493,0.007728241194847401,0.04581318404851051,0.06246824594979711,0.03165876159844501,0.05957430812308681,0.00400397584367,-0.026805508507682,0.0011100380169597
299,2020-10-26,0.000791542225579,0.00305,0.0923862645841652,-0.1582988524510054,56.900001525878906,56.900001525878906,56.09999847412109,56.09999847412109,50.86186599731445,114000,-0.0088339224996377,-0.0088338760297194,-0.002258457774421,0.0078211858715672,0.0166550619012866,0.0005151639598125,1.2830285664134735,0.0606797235954034,0.0116772206883426,0.00400397584367,0.0057410047741373,0.024383303096134,-0.0064261812552181,0.021489365269423702,0.041129215837499206,-0.0141544224500654,0.0137611240745763,0.0334009746426518
300,2020-10-27,-0.0026354038290934,0.00305,-0.0097396198465288,-0.0170151964242586,56.0,56.0,55.400001525878906,55.5,50.31788635253906,102000,-0.0106951602574084,-0.0106952356959163,-0.0056854038290934,-0.0415047200472684,-0.0308094843513521,0.0004381869900796,1.2746859539554922,0.061194263556334,0.0119985508348449,-0.014154422450065499,-0.026805508507682096,-0.025068479577214798,0.0028470669474270037,0.022486917515502504,0.012425733729317203,-0.0028939378267102,0.0167459127413652,0.0066847289551799
301,2020-10-28,-0.0063114333196045,0.0032,0.0230543129376257,-0.1004535925479448,55.79999923706055,55.79999923706055,54.09999847412109,54.29999923706055,49.22993469238281,200011,-0.0216216353682784,-0.0216215691679456,-0.0095114333196045,0.0062939773566962,0.0279155465246418,0.0003278763622447,1.2628882257942138,0.0620834732125976,0.0125425373164874,-0.0028939378267102966,0.013761124074576303,0.0011100380169597052,0.020749888585035205,0.010688704798849905,0.0746436049313318,0.0475553970927173,0.037494213306532,0.1014491134390139
302,2020-10-29,-0.0102268563751831,0.003,0.080812766834605,-0.320579894135981,53.5,54.0,52.79999923706055,53.70000076293945,48.68595886230469,225012,-0.0110496958112586,-0.0110496963580635,-0.013226856375183,0.0085901542100119,0.0196398505680755,0.0004610429302699,1.276666398534552,0.0615512939655463,0.011899404667696,0.047555397092717305,0.016745912741365204,0.03340097464265181,0.023339790856466508,0.0872946909889484,0.0904981494680503,0.0095786667818902,0.0735335669143721,0.076737025393474
303,2020-10-30,-0.0092056494961756,0.0031,0.0500036518024083,-0.2075974412871518,53.70000076293945,54.20000076293945,52.59999847412109,54.20000076293945,49.1392707824707,698000,0.0093109868323329,0.009310937501469,-0.0123056494961756,-0.0007502462847163,-0.0100611837861853,0.0005458794923266,1.2822369793291908,0.0616950793596942,0.0116867496760799,0.0095786667818902,0.03749421330653201,0.006684728955179903,0.0706396290876618,0.07384308756676371,0.08759041508644871,0.0538937163462966,0.0570971748253985,0.0708445023450835
304,2020-11-02,0.0035842904881061,0.00305,-0.0642753860329676,-0.013561898480084,54.20000076293945,54.20000076293945,52.59999847412109,52.59999847412109,47.688663482666016,456164,-0.0295203370165337,-0.0295203261404961,0.0005342904881061,0.0344345739919858,0.0639549001324819,0.0006519702066596,1.2891416480183515,0.0617093239680365,0.0112997487317126,0.0538937163462966,0.0735335669143721,0.1014491134390139,0.1046525719181158,0.1183998994378008,0.1223896035279653,0.0671583586115838,0.0809056861312688,0.0848953902214333
305,2020-11-03,0.0114920687561896,0.00305,0.02857573072689,0.2368545532463173,53.09999847412109,54.400001525878906,53.09999847412109,53.400001525878906,48.413970947265625,1006000,0.0152091839346993,0.0152092218911366,0.0084420687561896,0.0184126803702385,0.0032034584791019,0.0006240056489025,1.28628448381706,0.0618269341584271,0.0114485201289051,0.0671583586115838,0.0570971748253985,0.076737025393474,0.09048435291315901,0.09447405700332351,0.06245062009856991,0.0169507859987869,0.0209404900889514,-0.0110829468158022
306,2020-11-04,0.010355725806365,0.00295,-0.1690665906421224,0.3666406088839143,53.900001525878906,54.5,53.400001525878906,54.0,48.95794677734375,422133,0.0112359261606073,0.0112359267259991,0.007405725806365,0.0249832542456842,0.013747327519685,0.0007566146065331,1.301825788740072,0.0612427282753912,0.0108609509061809,0.0169507859987869,0.0809056861312688,0.0708445023450835,0.07483420643524799,0.04281076953049439,0.03835335194859759,0.0177370316098495,-0.0142864052949041,-0.0187438228768009
307,2020-11-05,0.0039555337325724,0.0028,0.0248003304126437,0.1196043335890851,54.400001525878906,55.20000076293945,54.0,55.0,49.86457443237305,472444,0.0185185185185185,0.0185184983175981,0.0011555337325723,0.0225082024077626,0.0039897040901645,0.0007274928328731,1.2997280549252888,0.0611936522488361,0.0109510296992633,0.0177370316098495,0.0209404900889514,0.0848953902214333,0.0528719533166797,0.0484145357347829,0.0277666475937204,-0.0280337328145891,-0.0324911503964858,-0.0531390385375483
308,2020-11-06,0.004236497939239,0.00275,0.0113319447394973,0.0835461902991989,55.20000076293945,55.79999923706055,54.79999923706055,55.20000076293945,50.0458984375,307116,0.00363637750799,0.0036363291412997,0.0014864979392389,-0.0283871077634538,-0.0320234369047536,0.0007279417508276,1.2997588299888925,0.0611928445280456,0.0109499001097776,-0.0280337328145891,-0.0142864052949041,-0.0110829468158022,-0.015540364397699,-0.0361882525387615,-0.022930134959922396,-0.0364808544866504,-0.0571287426277129,-0.0438706250488738
309,2020-11-09,0.0118656564466636,0.00275,0.0182100121342755,0.2124253548324625,56.29999923706055,57.0,55.70000076293945,56.0,50.77120590209961,749202,0.014492739601512,0.0144928453128962,0.0091156564466636,0.0100354277309994,-0.0044574175818968,0.0006120494769517,1.2862945825793397,0.061753782958594,0.0115596952488892,-0.0364808544866504,-0.032491150396485896,-0.0187438228768009,-0.0393917110178634,-0.0261335934390243,-0.0214187308085049,-0.0251053057229593,-0.0118471881441202,-0.0071323255136008
310,2020-11-10,-0.0034850585035003,0.0028,0.1118242177112381,-0.1900144917360607,55.79999923706055,58.5,55.70000076293945,57.09999847412109,51.76849365234375,994001,0.0196428298950195,0.0196427824103129,-0.0062850585035003,-0.0010051057307496,-0.0206478881410625,0.0006493980975256,1.289949182095251,0.0617403382070413,0.01140462577389,-0.0251053057229593,-0.057128742627712906,-0.053139038537548394,-0.03988092095870929,-0.03516605832818989,-0.02405251683111869,-0.0073897705622234,-0.002674907931704,0.0084386335653671
311,2020-11-11,0.0137956405501146,0.0028499999999999,-0.1110387564107495,0.1166364547624944,57.09999847412109,58.400001525878906,57.09999847412109,57.09999847412109,51.76849365234375,670200,0.0,0.0,0.0109456405501146,0.0132581175788391,0.0132581175788391,0.0005005501219302,1.2727123818335673,0.062177055560062,0.0121721213427416,-0.007389770562223402,-0.011847188144120202,-0.043870625048873804,-0.0391557624183544,-0.028042220921283202,-0.038127826703406406,0.0179729802093585,0.0290865217064296,0.0190009159243064
312,2020-11-12,-0.0030470197562192,0.0028499999999999,-0.1223556233532149,0.1177490055964469,57.79999923706055,58.0,56.900001525878906,57.09999847412109,51.76849365234375,426001,0.0,0.0,-0.0058970197562192,0.0047148626305194,0.0047148626305194,0.0004726220890475,1.270752401210253,0.0622624382695835,0.0122702680055248,0.0179729802093585,-0.002674907931704002,-0.007132325513600802,0.003981215983470398,-0.006104389798652803,-0.0019327073971435026,0.0158284041275906,0.0057427983454673,0.0099144807469766
313,2020-11-13,0.003898855042317,0.0028499999999999,-0.0183691682740979,0.155707714035294,57.0,58.29999923706055,57.0,57.20000076293945,51.85915756225586,480100,0.0017513536162997,0.001751333745984,0.001048855042317,0.0128648752430552,0.0111135414970712,0.0004303435237073,1.2693702731947378,0.0623309483071622,0.0123861864825397,0.0158284041275906,0.029086521706429697,0.008438633565367198,-0.001646972216756002,0.002524710184753298,-0.0301743357388545,0.0010279357149479,0.0051996181164572,-0.0274994278071505
314,2020-11-16,0.0209819237795479,0.0027,-0.3567451159042747,0.7254938892038285,57.79999923706055,57.900001525878906,56.79999923706055,57.09999847412109,51.76849365234375,231782,-0.0017482917392398,-0.0017482719383412,0.0182819237795479,-0.0118338777204645,-0.0100856057821232,0.0004392848187966,1.2702122611400823,0.0623011050454136,0.0123377360872415,0.001027935714947999,0.005742798345467398,0.019000915924306496,0.023172598325815797,-0.009526447597792,-0.0210322103038596,-0.0059139233806139,-0.0386129693042217,-0.0501187320102892
315,2020-11-17,0.0030386809207762,0.00275,-0.0032543761080764,0.0304705930036497,57.20000076293945,57.70000076293945,56.400001525878906,57.0,51.677833557128906,301531,-0.0017512868089902,-0.0017512600583605,0.0002886809207761,0.0024204223431487,0.0041716824015093,0.0005247562529248,1.275049811790332,0.062098591564043,0.0119815494774062,-0.0059139233806139,0.005199618116457299,0.009914480746976699,-0.0227845651766311,-0.0342903278826987,-0.0533735140354714,-0.0285273635220984,-0.0400331262281661,-0.0591163123809388
316,2020-11-18,0.0132627193348603,0.0027,-0.1282073343297403,0.3701767968019366,57.5,58.5,57.29999923706055,57.400001525878906,52.04048538208008,636072,0.0070175706294544,0.0070175508528287,0.0105627193348603,-0.025681495070779,-0.0326990459236078,0.0001577115349959,1.2305122775473192,0.0639241986295644,0.0140049707662622,-0.028527363522098496,-0.0386129693042217,-0.0274994278071505,-0.0390051905132181,-0.0580883766659908,-0.0407946661433234,-0.0442048086296753,-0.063287994782448,-0.0459942842597806
317,2020-11-19,-0.0036926799202118,0.0027,0.1371563152719783,-0.1134141887721206,57.79999923706055,58.29999923706055,57.59999847412109,58.0,52.5844612121582,682298,0.0104529348113446,0.0104529353653077,-0.0063926799202118,-0.0010528273407598,-0.0115057627060676,0.0001355018321283,1.2282348914416177,0.063936514317731,0.0140646051955764,-0.04420480862967539,-0.0400331262281661,-0.050118732010289296,-0.069201918163062,-0.051908207640394596,-0.0440066591732384,-0.0305889488588403,-0.0132952383361729,-0.0053936898690166
318,2020-11-20,-0.0004364575333153,0.0026,0.041755010456288,-0.0211457089537407,58.0,59.5,57.70000076293945,59.0,53.4910888671875,1010100,0.0172413793103448,0.0172413605489158,-0.0030364575333153,-0.0018418256038568,-0.0190831861527727,0.0001639900093348,1.2311016862609607,0.0637804593420886,0.0139686432239082,-0.0305889488588403,-0.06328799478244809,-0.0591163123809388,-0.0418226018582714,-0.0339210533911152,-0.0233202091029298,-0.0017894756301053,0.0061120728370509,0.0167129171252363
319,2020-11-23,0.0117792467197104,0.0026,-0.1010537575696548,0.2339116655582644,59.0,59.5,58.400001525878906,59.0,53.4910888671875,477070,0.0,0.0,0.0091792467197104,0.0172937105226674,0.0172937105226674,0.0002089037603061,1.23435122490532,0.0637874918693313,0.0138870906289562,-0.0017894756301053,-0.0132952383361729,-0.04599428425978069,-0.038092735792624496,-0.027491891504439096,-0.050695605532312296,0.0251952589898236,0.035796103278009,0.0125923892501358
320,2020-11-24,-0.0051073521354672,0.00265,0.0826435244821816,-0.1205398192234327,58.70000076293945,59.79999923706055,58.70000076293945,58.79999923706055,53.30976104736328,543366,-0.0033898434396517,-0.0033898696710855,-0.0077573521354672,0.0045116787960706,0.0079015484671562,0.0001892835216335,1.2323961155240148,0.0638324933744413,0.0139607162127837,0.0251952589898236,0.0061120728370509005,-0.005393689869016699,0.005207154419168702,-0.0179965596087045,-0.022194687643602298,0.0185023927553416,-0.0047013212725315,-0.0088994493074293
321,2020-11-25,-0.0049467054534281,0.00265,0.1008900730741234,-0.3235665415612083,59.0,60.29999923706055,58.79999923706055,59.20000076293945,53.67241668701172,810003,0.0068027471270236,0.0068027999473911,-0.007596705453428,0.0174036442355766,0.0106008442881854,0.0001580372697661,1.2288285149951923,0.0638940983252216,0.0140783500517782,0.0185023927553416,0.035796103278009,0.0167129171252363,-0.006490796902636899,-0.010688924937534698,0.0314556163546935,-0.0126028697396878,-0.0168009977745856,0.0253435435176426
322,2020-11-26,0.0077757769415239,0.0023,0.0590709430560141,0.1642237637729534,59.79999923706055,59.79999923706055,58.79999923706055,59.0,53.4910888671875,468003,-0.0033783912223301,-0.0033784172768225,0.0054757769415239,-0.0265821313046957,-0.0232037140278732,0.0003004686120344,1.2430585191511336,0.0636456242600688,0.0134124921648774,-0.0126028697396878,-0.004701321272531599,0.0125923892501358,0.008394261215238001,0.0505388025074662,0.0586199304785902,-0.027401842062771,0.0147426992294572,0.0228238272005812
323,2020-11-27,0.0015477548385677,0.00245,0.1001815900767057,-0.007093876264407,59.0,60.5,58.79999923706055,60.20000076293945,54.579044342041016,771582,0.0203389959820246,0.0203390040826199,-0.0009022451614322,0.016140876047722,-0.0041981280348978,0.0001026410736954,1.2167275729950606,0.0646591799827426,0.014545268205753,-0.027401842062771,-0.0168009977745856,-0.008899449307429398,0.0332450919847988,0.041326219955922804,0.0392631653539493,0.0379464132573304,0.0460275412284544,0.0439644866264809
324,2020-11-30,-0.0103987352023605,0.0024,0.2044063652671089,-0.3268343661768951,60.400001525878906,60.79999923706055,58.70000076293945,58.70000076293945,53.2191047668457,806170,-0.0249169432058119,-0.0249168814073166,-0.0127987352023605,0.0172276598849116,0.0421445412922282,0.0001219812995787,1.2160860027702414,0.0644925989188314,0.0145434397397369,0.0379464132573304,0.014742699229457201,0.025343543517642602,0.0334246714887666,0.0313616168867931,0.030189865691578298,0.0502256692633522,0.0481626146613787,0.0469908634661639
325,2020-12-01,0.0118619531022778,0.00235,-0.1922913134246126,0.267725275069043,59.0,59.29999923706055,58.09999847412109,58.29999923706055,52.85644912719727,489003,-0.0068143359570695,-0.0068143882020795,0.0095119531022778,0.0012667397690444,0.008081127971124,0.0001089029573419,1.2152423403055232,0.0645057716695,0.0145636504475267,0.0502256692633522,0.0460275412284544,0.022823827200581202,0.020760772598607702,0.0195890214033929,0.029647666355564803,0.0060180733691504,0.0048463221739356,0.0149049671261076
326,2020-12-02,0.007451547325023,0.0023,-0.1646701445483483,0.2631129529005627,58.5,58.79999923706055,58.0,58.0,52.5844612121582,394050,-0.0051457845795277,-0.0051457848480237,0.005151547325023,-0.0072088394499973,-0.0020630546019735,1.0701386807978542e-05,1.2038486140502371,0.0652939538300387,0.0148985015426168,0.006018073369150499,0.0481626146613787,0.0439644866264809,0.0427927354312661,0.052851380383438,0.0660029446620199,-0.0032348057971883,0.0068238391549836,0.0199754034335655
327,2020-12-03,-0.0008613685323275,0.0025,0.0203686606986962,-0.0558714923434839,58.59999847412109,58.59999847412109,57.79999923706055,58.09999847412109,52.67512512207031,232004,0.0017241116227774,0.0017241578181492,-0.0033613685323275,0.0005524066229344,-0.0011717511952148,-2.774003690996042e-05,1.1997153768769546,0.065423533455357,0.0150736182882853,-0.0032348057971883,0.004846322173935699,0.0469908634661639,0.0570495084183358,0.07020107269691771,0.1006688326808938,0.0088868937569571,0.022038458035539,0.0525062180195151
328,2020-12-04,0.0111146588935297,0.0026,-0.1303132648016116,0.1885697151829596,58.20000076293945,59.09999847412109,58.0,58.79999923706055,53.30976104736328,371009,0.012048206218994,0.0120481142441,0.0085146588935297,0.0221067591962719,0.0100586449521719,-6.660820489548679e-05,1.1953635825384403,0.0655909210427044,0.0152166178884497,0.008886893756957101,0.0068238391549836006,0.0149049671261076,0.0280565314046895,0.0585242913886656,0.0346065668245937,0.0232102092307538,0.0536779692147299,0.0297602446506579
329,2020-12-07,0.0087854026560538,0.0028,-0.2708182594592144,0.1547922980969961,59.09999847412109,59.09999847412109,57.900001525878906,57.900001525878906,52.493797302246094,301017,-0.0153060837220961,-0.0153060852100282,0.0059854026560537,-0.0021545209314463,0.0131515642785819,-4.32978423978525e-05,1.1960426641189856,0.0657251021373662,0.0151979319317114,0.0232102092307538,0.022038458035539,0.0199754034335655,0.0504431634175416,0.026525438853469696,0.045857465026035396,0.043619324262558,0.019701599698486,0.0390336258710517
330,2020-12-08,0.0072808933472285,0.0029,-0.1490180837977626,0.3250910393817672,58.0,58.0,57.09999847412109,57.5,52.13114547729492,336101,-0.0069084890386422,-0.0069084700210029,0.0043808933472285,0.0235592899629732,0.0304677599839761,3.7683331778983096e-05,1.2029622404386155,0.0656001045657655,0.0149063966387346,0.043619324262558,0.0536779692147299,0.0525062180195151,0.028588493455443197,0.0479205196280089,0.0721577845254985,0.0065500354199041,0.0258820615924698,0.0501193264899594
331,2020-12-09,0.0020709212141407,0.0032,0.1803449157522078,-0.1406564339014937,57.70000076293945,59.400001525878906,57.5,59.09999847412109,53.58175277709961,830019,0.0278260604194972,0.0278261159720052,-0.0011290787858593,0.0039083914079332,-0.0239177245640719,-7.066703104987242e-05,1.1895869539324808,0.0661006127911521,0.0154383081434614,0.006550035419904197,0.019701599698486096,0.029760244650657998,0.0490922708232237,0.0733295357207133,0.0823131294991768,-0.0045856983915062,0.0196515665059834,0.0286351602844469
332,2020-12-10,-0.00977401314363,0.003,0.104512532962276,-0.2861531419276008,59.20000076293945,59.79999923706055,58.09999847412109,58.20000076293945,52.76578521728516,783341,-0.0152283880612236,-0.0152284596438805,-0.01277401314363,0.0041035665286852,0.0193320261725657,-7.185291486397039e-05,1.1895282194111156,0.066099613714004,0.0154414588853048,-0.004585698391506202,0.025882061592469897,0.039033625871051796,0.0632708907685414,0.0722544845470049,0.1097100034061132,0.0435692910700553,0.0525528848485188,0.0900084037076271
333,2020-12-11,0.0008561846853348,0.00291,-0.2078969086573993,0.1471290360407672,58.29999923706055,58.79999923706055,56.5,57.20000076293945,51.85915756225586,498002,-0.0171821303589531,-0.0171821124483581,-0.0020538153146651,0.0070551524491315,0.0242372648974896,5.542314099268434e-05,1.2046018521946136,0.0656365421349427,0.0146977769101827,0.043569291070055305,0.0196515665059834,0.050119326489959495,0.059102920268422995,0.09655843912753129,0.04644083324399249,0.0332208586759531,0.0706763775350614,0.0205587716515225
334,2020-12-14,-0.0035508150488658,0.00275,0.2607927700415392,-0.316038173588561,57.09999847412109,57.5,56.59999847412109,56.79999923706055,51.49650573730469,251001,-0.0069930335759378,-0.0069930141945675,-0.0063008150488658,0.001990579583896,0.0089835937784635,-3.4222077802211354e-05,1.1964330955833629,0.0655435019293005,0.0148813377463252,0.033220858675953105,0.052552884848518805,0.0286351602844469,0.0660906791435552,0.015973073260016395,0.022139253276630896,0.0464391126375718,-0.003678493245967,0.0024876867706474
335,2020-12-15,-0.0100295386615622,0.0027,-0.017710949147205,-0.098567261279903,56.900001525878906,57.29999923706055,55.29999923706055,55.29999923706055,50.13656234741211,527001,-0.0264084510589445,-0.0264084595725767,-0.0127295386615622,0.0110470592865315,0.0374555188591083,2.304583484831825e-05,1.2011145161698544,0.065614640925592,0.0147300861846111,0.0464391126375718,0.0706763775350614,0.09000840370762711,0.03989079782408831,0.04605697784070281,0.04396176369709461,-0.0126620870244305,-0.006495907007816,-0.0085911211514242
336,2020-12-16,0.0167708072738863,0.00275,0.0871784496477879,0.3181911186214958,55.59999847412109,56.59999847412109,55.59999847412109,56.5,51.224517822265625,203002,0.021699833263926,0.021699841870185,0.0140208072738863,-0.0284177640133538,-0.0501176058835388,-4.5186887340166674e-05,1.1983695755631665,0.0652894193375446,0.0149294425677814,-0.012662087024430502,-0.0036784932459670017,0.020558771651522596,0.026724951668137098,0.024629737524528898,0.058448248751038,-0.0439514258669243,-0.0460466400105325,-0.0122281287840234
337,2020-12-17,-0.0031829424921901,0.00275,0.0653151383154005,-0.1036710142263915,57.0,57.0,55.59999847412109,55.70000076293945,50.49921798706055,215004,-0.014159278532045,-0.0141592320638656,-0.0059329424921901,-0.007993052047251,0.0061661800166145,-0.000182574916553,1.180844569264793,0.0661116099903353,0.015672031384324,-0.0439514258669243,-0.006495907007816002,0.0024876867706474983,0.00039247262703929814,0.0342109838535484,0.0286592891609153,0.0040709658730063,0.0378894770995154,0.0323377824068823
338,2020-12-18,-0.0006290602982889,0.00265,0.0156966099553329,0.0275631654749887,56.0,56.0,55.20000076293945,55.29999923706055,50.13656234741211,238736,-0.0071813558420101,-0.0071814110020745,-0.0032790602982889,-0.0092766251456828,-0.0020952141436082,-0.0002284373607534,1.175790822805638,0.0663866141988347,0.0158789676638808,0.0040709658730063,-0.0460466400105325,-0.008591121151424201,0.0252273900750849,0.0196756953824518,0.023270632671475798,0.0317232970829009,0.0261716023902678,0.0297665396792917
339,2020-12-21,0.0094737108293684,0.00265,-0.0913349627720119,0.0882360858240902,55.70000076293945,55.70000076293945,54.59999847412109,55.0,49.86457443237305,219000,-0.0054249410705144,-0.0054249414460124,0.0068237108293684,0.0283935697804966,0.0338185112265091,-0.0002095513443239,1.1776939621795073,0.0663268541098002,0.0157913234724673,0.0317232970829009,0.0378894770995154,-0.0122281287840234,-0.0177798234766565,-0.014184886187632499,-0.0453860302867767,0.028266816533876,0.0318617538229,0.0006606097237557
340,2020-12-22,-0.0144247881511987,0.00265,-0.0576883368974138,-0.255983173257618,55.0,57.29999923706055,55.0,55.59999847412109,50.40855026245117,438002,0.010909063165838,0.010909063925049,-0.0170747881511987,0.0053573692324159,-0.0055516946926331,-0.000148706102096,1.1854942341846426,0.0660036063875212,0.0154608360456116,0.028266816533876,0.0261716023902678,0.0323377824068823,0.0359327196959063,0.0047315755967621,0.016328342387637702,-0.0019567574036091,-0.0331579015027533,-0.0215611347118777
341,2020-12-23,0.0032184808095541,0.00275,0.0933249207250379,-0.0004500986894199,55.5,56.5,55.29999923706055,55.70000076293945,50.49921798706055,300010,0.0017986023662375,0.0017986576510793,0.000468480809554,0.0053935949401033,0.003594937289024,-0.0002816962365209,1.167912473164961,0.0669479443782155,0.0162859157952674,-0.0019567574036091005,0.0318617538229,0.029766539679291798,-0.0014346044198524019,0.010162162371023199,-0.019605962636695,-0.0276062068101202,-0.0160094400192446,-0.0457775650269628
342,2020-12-24,0.0040209567903862,0.00305,0.0278518382966796,-0.0435675810606811,55.900001525878906,58.0,55.900001525878906,57.20000076293945,51.85915756225586,476623,0.0269299816778106,0.0269299135591321,0.0009709567903861,-0.0042712305400121,-0.0312011440991442,-0.0003140073728447,1.1658258994187278,0.0671232403118822,0.0163302256337148,-0.0276062068101202,-0.0331579015027533,0.0006606097237557979,0.012257376514631399,-0.0175107484930868,-0.012864427118079301,-0.0196043773082685,-0.0493725023159868,-0.0447261809409793
343,2020-12-25,0.0035811375868178,0.00305,0.0475163650919502,-0.1024411542007125,57.20000076293945,57.70000076293945,56.79999923706055,56.79999923706055,51.49650573730469,253125,-0.0069930335759378,-0.0069930141945675,0.0005311375868177,0.004603752596308,0.0115967667908756,-0.0002016426402036,1.177762001403683,0.0671677446299319,0.0158671245471542,-0.019604377308268597,-0.0160094400192446,-0.0215611347118777,-0.0513292597195959,-0.0466829383445884,-0.0760535688105483,-0.0181713582168425,-0.013525036841835,-0.0428956673077949
344,2020-12-28,0.0105816723989453,0.00295,0.0449416631998441,0.1048083331930838,57.20000076293945,58.59999847412109,56.70000076293945,58.29999923706055,52.85644912719727,508551,0.0264084510589445,0.0264084595725768,0.0076316723989453,-0.0033596654351413,-0.0297681250077182,-0.0002257827610142,1.176084238429446,0.0672007898324136,0.0159791563945202,-0.018171358216842598,-0.0493725023159868,-0.0457775650269628,-0.0411312436519553,-0.0705018741179152,-0.0954780317311919,-0.0251218036327107,-0.0544924340986706,-0.0794685917119473
345,2020-12-29,-0.0007609234488759,0.003,0.0481987489826637,-0.0062568377477008,58.29999923706055,58.79999923706055,57.400001525878906,58.0,52.5844612121582,957501,-0.0051457845795277,-0.0051457848480237,-0.0037609234488759,-0.0004994634730162,0.0046463213750075,-0.0002595362458902,1.1727485703575833,0.0674837521591516,0.0161543729039427,-0.0251218036327107,-0.013525036841835099,-0.0447261809409793,-0.0740968114069392,-0.0990729690202159,-0.1832816567517364,-0.0247243090909524,-0.0497004667042291,-0.1339091544357496
346,2020-12-30,0.0149011642120766,0.00305,-0.1754669612334845,0.3630508821467219,58.09999847412109,59.5,58.0,58.900001525878906,53.400428771972656,1203377,0.0155172676875673,0.0155172752749588,0.0118511642120766,-0.013853355191001,-0.0293706304659599,-0.0003565516142642,1.1628296110740195,0.067349253618685,0.0165805387817435,-0.0247243090909524,-0.054492434098670606,-0.042895667307794996,-0.06787182492107169,-0.1520805126525922,-0.1384415368336997,-0.0543467880792365,-0.1385554758107571,-0.1249164999918646
347,2020-12-31,0.0030522190355783,0.00295,-0.0455990238488602,0.1355651779144865,59.0,61.5,59.0,61.09999847412109,55.3950080871582,1788481,0.0373513903437774,0.0373513726584984,0.0001022190355783,0.0123752150452216,-0.0249761576132767,-0.0003666482662876,1.1653294787680484,0.0673748659118546,0.0165448300730077,-0.054346788079236596,-0.049700466704229104,-0.07946859171194731,-0.16367727944346783,-0.15003830362457532,-0.09066933206614082,-0.1091848453447972,-0.0955458695259046,-0.0361768979674701
348,2021-01-04,0.0115051519904632,0.0028499999999999,-0.053796801383341,0.0888453721101982,67.0,67.19999694824219,65.5,67.19999694824219,60.92544174194336,2928120,0.0998363113986778,0.0998363182127097,0.0086551519904631,0.0156276304811892,-0.0842086877315205,-0.000408656837167,1.160867045977689,0.0672568587991164,0.0165997646214563,-0.1091848453447972,-0.1385554758107571,-0.1339091544357496,-0.1202701786168571,-0.0609012070584226,-0.13736444552790789,-0.070569711912628,-0.0112007403541935,-0.0876639788236788
349,2021-01-05,0.006576285123691,0.0027,-0.1584061176267654,0.1605831055617932,67.80000305175781,69.5999984741211,67.19999694824219,67.5999984741211,61.28809356689453,4480490,0.0059524039292291,0.0059523872881745,0.0038762851236909,0.0195913631070671,0.0136389758188925,-0.0004631798167826,1.156597848314441,0.0673202442226164,0.0168054813013042,-0.07056971191262801,-0.09554586952590469,-0.1249164999918646,-0.0655475284334301,-0.14201076690291542,-0.10928670157447312,0.0730079473773269,-0.0034552910921583,0.0292687742362839
350,2021-01-06,-0.0011266904344138,0.0027,-0.3718546337406285,0.3048245405144267,66.0,68.19999694824219,63.09999847412109,64.0,58.02423477172852,2541300,-0.0532544164997172,-0.0532543697350217,-0.0038266904344138,0.0061146018234128,0.0593689715584345,-0.0004860975872153,1.15535249642806,0.0673348311108405,0.0168530535959425,0.07300794737732699,-0.011200740354193509,-0.03617689796747019,-0.11264013643695549,-0.07991607110851319,-0.08530415056462899,-0.0170942669110508,0.0156297984173914,0.0102417189612756
351,2021-01-07,0.0154086708847352,0.0028,-0.2915741476775155,0.5450748870122797,64.4000015258789,70.4000015258789,64.4000015258789,70.4000015258789,63.826656341552734,4103291,0.1000000238418579,0.0999999671284137,0.0126086708847351,0.0235367286589283,-0.0764632384694853,-0.000613120048619,1.1387622540725584,0.0679819197864858,0.0175756914316676,-0.0170942669110508,-0.003455291092158308,-0.08766397882367881,-0.05493991349523651,-0.06032799295135231,-0.034974951968766814,-0.043739173141043,-0.0491272525971588,-0.0237742116145733
352,2021-01-08,0.0164289598601616,0.0032,-0.2283259600535018,0.4325873444167889,72.19999694824219,72.5,67.5,67.5999984741211,61.28809356689453,3691912,-0.0397727697595082,-0.0397727676830461,0.0132289598601616,-0.0070487023546037,0.0327240653284423,-0.0004711843012169,1.1466250171889425,0.0668477454330986,0.016709010087827,-0.043739173141043,0.015629798417391497,0.02926877423628399,0.023880694780168188,0.04923373576275369,-0.014747289826755806,0.0273359858723264,0.0526890268549119,-0.0112919987345974
353,2021-01-11,0.006036595319823,0.00325,0.0110998003029258,0.1317702311764587,68.80000305175781,69.69999694824219,67.0999984741211,68.5,62.10406112670898,1440110,0.0133136323401464,0.0133136391153012,0.002786595319823,0.0079255596591854,-0.0053880794561158,-0.0005083362678661,1.143093959813722,0.0668408658208068,0.0168317447604608,0.027335985872326496,-0.049127252597158805,0.010241718961275697,0.035594759943861194,-0.0283862656456483,-0.021786120062086398,0.0199649615264696,-0.0440160640630397,-0.0374159184794778
354,2021-01-12,-0.0036381383714123,0.0032,-0.2298129334744824,0.3587204734722427,67.80000305175781,68.5,66.30000305175781,66.80000305175781,60.56279754638672,1596275,-0.0248174736969662,-0.0248174362893541,-0.0068381383714123,0.0005356046932313,0.0253530409825855,-0.0003191970766104,1.1656794729885096,0.0661901447910012,0.0158484234948017,0.019964961526469698,0.052689026854911995,-0.023774211614573305,-0.08775523720408279,-0.0811550916205209,-0.0740566073609113,-0.0386279846069239,-0.032027839023362,-0.0249293547637524
355,2021-01-13,0.0173721360999506,0.0031,-0.1399712997623478,0.4461849469470772,67.4000015258789,69.5,67.30000305175781,69.0999984741211,62.64803695678711,2063371,0.0344310676240718,0.0344310285337008,0.0142721360999506,-0.0295499970558087,-0.0639810255895095,-0.000432731233441,1.1516660641880998,0.0665917499734304,0.016471576248118,-0.038627984606923994,-0.044016064063039796,-0.011291998734597498,-0.004691853151035598,0.0024066311085740016,-0.010966814989094598,-0.0573808800059475,-0.0502823957463379,-0.0636558418440065
356,2021-01-14,-0.0039816180614126,0.00305,0.2092666779920558,-0.5162131975944046,69.0999984741211,70.5,68.80000305175781,69.5,63.01068878173828,2194290,0.0057887342215891,0.0057887180918585,-0.0070316180614126,0.0123888636754205,0.0066001455835619,-0.0003489728823519,1.1618730388847154,0.0664074346666517,0.0160981442794385,-0.05738088000594759,-0.03202783902336209,-0.037415918479477894,-0.030317434219868294,-0.043690880317536894,-0.03711489801049089,0.0136986298431715,0.0003251837455029,0.0069011660525489
357,2021-01-15,-0.005780841688809,0.0031,-0.2972061741827901,0.2227982018675964,69.5,69.9000015258789,67.5,67.9000015258789,61.56008529663086,1268044,-0.0230215607787207,-0.0230215462353085,-0.008880841688809,-0.0159230619756988,0.0070984842596096,-0.0003686888924136,1.160908903476177,0.0663886750103311,0.0161322587280486,0.0136986298431715,-0.05028239574633799,-0.024929354763752493,-0.03830280086142109,-0.03172681855437509,-0.00428359522679159,-0.006274961838059,0.000301020468987,0.0277442437965705
358,2021-01-18,-0.0002810923994803,0.003,-0.0676480442278767,0.1310600401311562,67.80000305175781,69.80000305175781,66.19999694824219,68.9000015258789,62.46671295166016,1226200,0.0147275401697725,0.0147275243473212,-0.0032810923994803,0.0013540782496526,-0.0133734460976686,-0.000329979910176,1.1657235635548502,0.0661738947505498,0.0159518859161963,-0.006274961838059,0.00032518374550290045,-0.06365584184400659,-0.05707985953696059,-0.02963663620937709,-0.02897807057433779,-0.0067974637906226,0.0206457595369609,0.0213043251720002
359,2021-01-19,0.0169978296943056,0.00305,-0.3488297771471763,0.6433630542176899,68.9000015258789,70.0,68.0999984741211,68.30000305175781,61.9227409362793,1002581,-0.0087082505200777,-0.0087081901652456,0.0139478296943056,-0.0021322078581995,0.006575982307046,-0.0002064493563537,1.1742129021790568,0.0658386015584492,0.0156633826151672,-0.0067974637906226,0.0003010204689870002,0.0069011660525489,0.0343443893801324,0.0350029550151717,0.0268504945721751,0.0340192056346295,0.0346777712696688,0.0265253108266722
360,2021-01-20,-0.0044837670950578,0.0031,-0.6057797336998426,0.4156660832137161,68.80000305175781,68.80000305175781,65.0,65.0,58.93085861206055,1571200,-0.0483162943529748,-0.0483163742266755,-0.0075837670950578,-0.0208731508990919,0.0274432233275835,0.0008063370528618,1.309015571344056,0.0611785302813328,0.0099608384742518,0.0340192056346295,0.020645759536960902,0.027744243796570502,0.0284028094316098,0.0202503489886132,0.0529875133921132,0.0281017889626228,0.0199493285196262,0.0526864929231262
361,2021-01-21,0.0219907561866378,0.003,-0.3311461446940444,0.6926747483395963,65.80000305175781,66.9000015258789,64.69999694824219,65.19999694824219,59.112186431884766,584500,0.0030768761268028,0.0030769587291761,0.0189907561866378,0.0037355243642154,0.0006585656350393,0.0008495068538686,1.3142253637516408,0.060905521064834,0.00972652780104,0.0281017889626228,0.0346777712696688,0.0213043251720002,0.013151864729003601,0.0458890291325036,0.0506538706190158,-0.0074938948079573,0.0252432695955427,0.0300081110820549
362,2021-01-22,-0.0083410412381978,0.00305,0.4981170576051453,-0.5816619738926012,65.0,66.80000305175781,65.0,66.5,60.29080581665039,729400,0.0199386980461026,0.0199386870273146,-0.0113910412381978,0.0117862265843179,-0.0081524604429966,0.0007661826155449,1.311176349497858,0.0626267821971729,0.010102518740017,-0.0074938948079573,0.0199493285196262,0.0265253108266722,0.0592624752301722,0.06402731671668441,-0.00481772467092309,0.0245847039605034,0.0293495454470156,-0.0394954959405918
363,2021-01-25,-0.004525257343149,0.0031,0.2267426525444582,-0.4373696578020509,65.5999984741211,65.9000015258789,64.5999984741211,64.80000305175781,58.74953842163086,509477,-0.0255638638833411,-0.0255638877958715,-0.007625257343149,0.0071732766076284,0.0327371644035,0.0012285723178113,1.3618424692154725,0.058856429946118,0.0085305188764026,0.024584703960503405,0.025243269595542704,0.0526864929231262,0.0574513344096384,-0.011393706977969098,-0.013469798217549699,0.0375020058900122,-0.0313430354975953,-0.0334191267371759
364,2021-01-26,-0.018040931072369,0.0032,0.1834147139783501,-0.3973411224480256,64.69999694824219,65.69999694824219,63.5,64.19999694824219,58.2055549621582,707371,-0.0092593530132457,-0.0092593656748181,-0.021240931072369,-0.0044945241883058,0.0047648414865122,0.0008381204076829,1.3127298291487288,0.061312978074562,0.0103535275142933,0.0375020058900122,0.029349545447015606,0.030008111082054905,-0.03883693030555259,-0.04091302154513319,-0.01441882138946669,-0.0640801999010953,-0.0661562911406759,-0.0396620909850093
365,2021-01-27,0.0027205437819643,0.00315,0.0735320936997002,0.0486879504868798,64.9000015258789,67.19999694824219,64.4000015258789,66.5999984741211,60.381465911865234,977901,0.0373832031146945,0.0373832179956308,-0.0004294562180357,-0.0314618233919766,-0.0688450413876075,0.0008524879286618,1.3139645380118403,0.0613039007741735,0.0103179402489887,-0.0640801999010953,-0.0313430354975953,-0.03949549594059189,-0.04157158718017249,-0.015077387024505989,0.017162844328804713,-0.070921132627188,-0.0444269324715215,-0.0121867011182108
366,2021-01-28,-0.0181875119143615,0.00315,0.1769704863179472,-0.4264604090569404,65.30000305175781,67.19999694824219,64.9000015258789,65.4000015258789,59.29351425170898,534622,-0.0180179726086401,-0.0180179736236325,-0.0213375119143615,-0.0200940648632132,-0.0020760912395806,0.0008947111416351,1.32366453747896,0.061222535656321,0.0098949255702707,-0.07092113262718809,-0.0661562911406759,-0.0334191267371759,-0.006924926581509398,0.025315304771801304,0.018995468552397206,0.0244181089160859,0.0566583402693966,0.0503385040499925
367,2021-01-29,-0.0180054797137767,0.00305,0.0184449562915304,-0.2118146997716889,66.4000015258789,66.5,62.5,62.5,56.66429138183594,698127,-0.0443425299421647,-0.044342503611974,-0.0210554797137767,-0.0178483034563074,0.0264942001556665,0.0009845677816897,1.3341973671439131,0.0608666017981861,0.0096020962217992,0.0244181089160859,-0.04442693247152159,-0.03966209098500939,-0.007421859631698689,-0.013741695851102789,-0.009702062251483989,0.0587344315089772,0.052414595289573,0.0564542288891918
368,2021-02-01,0.0179531454403921,0.00315,-0.3114271571420269,0.5230176507208768,62.5,62.5,60.5,61.5,55.757659912109375,430322,-0.016,-0.0160000495482626,0.0148031454403921,0.016240181805048,0.0322402313533107,0.0010261035733905,1.3396008773957486,0.0607336582649939,0.0093372646360768,0.0587344315089772,0.056658340269396604,-0.012186701118210887,-0.018506537337614988,-0.014466903737996188,-0.02269650019130949,0.0259203951339066,0.0299600287335254,0.021730432280212
369,2021-02-02,0.0227097936797192,0.0031,-0.2023357038667309,0.4988177494060111,62.20000076293945,63.5,62.0,62.900001525878906,57.02694320678711,357004,0.0227642524533155,0.0227642856009111,0.0196097936797192,0.0164444493815069,-0.0063198362194041,0.0010260317653517,1.3393537513991247,0.060712017753745,0.0093423477608283,0.0259203951339066,0.052414595289573096,0.0503385040499925,0.0543781376496113,0.046148541196298,0.0665550523347857,-0.0022802026197852,-0.0105097990730986,0.009896712065389
370,2021-02-03,0.0007151314844923,0.0031,0.0414049638644588,-0.0216363248896842,64.0999984741211,64.0999984741211,62.59999847412109,62.70000076293945,56.84561538696289,315004,-0.003179662290742,-0.0031796868221868,-0.0023848685155077,0.0008599467774319,0.0040396335996188,0.0010536024532632,1.3380687462072962,0.0606511314506064,0.0094072753438533,-0.0022802026197852997,0.0299600287335254,0.056454228889191896,0.048224632435878594,0.0686311435743663,0.07289657858266549,-0.0041899628536945,0.0162165482847932,0.0204819832930924
371,2021-02-04,-0.004127782877246,0.0032,0.0660216618975868,-0.0442875491106907,62.70000076293945,63.20000076293945,62.5,62.5,56.66429138183594,168020,-0.0031898047927563,-0.0031897623746816,-0.0073277828772459,-0.011419358827995,-0.0082295964533133,0.0009890322225546,1.3313983489486314,0.0613083865129855,0.0095759938724316,-0.004189962853694501,-0.0105097990730986,0.021730432280212097,0.04213694341869979,0.04640237842699899,-0.025052596473438,0.0121769146851743,0.0164423496934736,-0.0550126252069633
372,2021-02-05,0.0061237309637174,0.0032,0.0163653847463946,0.1945317945316881,62.70000076293945,62.70000076293945,61.900001525878906,62.29999923706055,56.48296356201172,344153,-0.0032000122070312,-0.003200036838056,0.0029237309637174,0.0172064743004316,0.0204065111384877,0.0009754710178777,1.3318735364830614,0.0620244877847766,0.0096910233405237,0.012176914685174399,0.0162165482847932,0.009896712065389099,0.014162147073688298,-0.057292827826748695,-0.0469488915735216,0.0246719461467869,-0.04678302875365,-0.0364390925004229
373,2021-02-17,0.0354306709485517,0.00345,-0.2801215424773248,0.8577698640152016,62.59999847412109,63.59999847412109,62.29999923706055,63.0,57.11760711669922,349087,0.011235967439997,0.0112360172814007,0.0319806709485517,0.0155014522896999,0.0042654350082992,0.0009087181347503,1.323611226602144,0.0625275366133077,0.0099172461170736,0.0246719461467869,0.0164423496934736,0.0204819832930924,-0.050972991607344594,-0.040629055354117496,-0.0417484589292048,-0.0671895398921378,-0.0568456036389107,-0.057965007213998
374,2021-02-18,0.0038026294860902,0.00327,0.2261891212785379,-0.0087730899375636,63.09999847412109,67.69999694824219,63.09999847412109,67.69999694824219,61.37875747680664,1830693,0.0746031261625744,0.0746030965793314,0.0005326294860901,0.0031481216788943,-0.071454974900437,0.0009381198549338,1.326067192223863,0.0627437070762087,0.0098166229166685,-0.0671895398921378,-0.04678302875365009,-0.05501262520696339,-0.044668688953736296,-0.0457880925288236,-0.0739087339284344,-0.0611110386472098,-0.0622304422222971,-0.090351083621908
375,2021-02-19,-0.0050613311446581,0.00332,0.2288931420113894,-0.1578688220763268,67.30000305175781,67.30000305175781,65.9000015258789,66.5,60.29080581665039,834002,-0.0177252142147008,-0.0177252147954829,-0.0083813311446581,-0.0073812785422557,0.0103439362532271,0.0006732211060938,1.294258171839832,0.0633007824112511,0.0113667590069002,-0.06111103864720989,-0.0568456036389107,-0.03643909250042299,-0.03755849607551029,-0.0656791374751211,-0.03636248811881139,0.0092245326781398,-0.018896108721471,0.0104205406348386
376,2021-02-22,0.0042089636206206,0.00332,0.2282211709398301,-0.1132968057453557,67.19999694824219,67.5,66.5999984741211,66.69999694824219,60.47212600708008,479403,0.0030074729058975,0.0030074268866318,0.0008889636206205,0.0018880233115444,-0.0011194035750873,0.000670984640082,1.2909522316796125,0.0634698212402144,0.011449298585608,0.0092245326781398,-0.06223044222229719,-0.057965007213998,-0.0860856486136088,-0.0567689992572991,-0.0541846642916236,-0.0292400449746981,7.660438161160091e-05,0.0026609393472871
377,2021-02-23,0.0020255886632733,0.00365,0.1525778047562516,-0.1346559568579365,66.69999694824219,68.0,66.0999984741211,68.0,61.65074920654297,721302,0.0194903015178034,0.0194903549335259,-0.0016244113367267,-0.0086302864660849,-0.0281206413996108,0.0007526013550484,1.2950765525883483,0.0637412889083703,0.0114036106858089,-0.0292400449746981,-0.018896108721471003,-0.090351083621908,-0.06103443426559829,-0.05845009929992279,-0.029455135534800093,0.0011960079566988,0.0037803429223743,0.0327753066874971
378,2021-02-24,-0.0140402904328187,0.0036,0.1938973702709628,-0.4338960411540742,68.5,68.5999984741211,65.80000305175781,65.80000305175781,59.65616607666016,1392359,-0.0323528962976792,-0.0323529422683985,-0.0176402904328187,-0.0030362929120887,0.0293166493563097,0.0007521784653576,1.2952925021668338,0.0637299424324889,0.0114009966746548,0.0011960079566988996,7.660438161160091e-05,0.010420540634838698,0.013004875600514198,0.0419998393656369,0.0795155168461744,0.0319009843219852,0.0608959480871079,0.0984116255676454
379,2021-02-25,0.0147817404205647,0.00335,-0.0742198103377019,0.1102294864760198,66.69999694824219,67.0,65.9000015258789,65.9000015258789,59.746829986572266,362072,0.0015197335787725,0.0015197743313841,0.0114317404205646,0.0041041092970597,0.0025843349656755,0.0007937789554412,1.3095573841682835,0.0634507237857182,0.0109687523501313,0.0319009843219852,0.0037803429223743994,0.0026609393472871007,0.0316559031124098,0.06917158059294731,0.05933495272474761,0.0315792987307982,0.0690949762113357,0.059258348343136
380,2021-02-26,-0.0302926355217939,0.00335,0.4042935289668971,-0.813358469765175,65.30000305175781,65.5999984741211,64.80000305175781,65.0999984741211,59.021522521972656,409022,-0.0121396514906551,-0.012139681130574,-0.0336426355217939,0.0168552826345486,0.0289949637651227,0.000615027992331,1.2866845528336988,0.064768976418622,0.0118346836254146,0.0315792987307982,0.0608959480871079,0.0327753066874971,0.0702909841680346,0.0604543562998349,0.0694148292797651,0.0665106412456602,0.0566740133774604,0.0656344863573906
381,2021-03-02,-0.0004337475685865,0.00365,-0.1445521172869314,0.1281429887194175,66.0,66.0,63.59999847412109,63.70000076293945,57.75224304199219,357202,-0.0215053416896495,-0.0215053666144912,-0.0040837475685865,0.0160103108660463,0.0375156774805375,0.0006236926888737,1.287857885224626,0.0647249995717139,0.0117936084234605,0.0665106412456602,0.0690949762113357,0.0984116255676454,0.08857499769944571,0.09753547067937592,0.04795672069272332,0.0276790496123378,0.036639522592268,-0.0129392273943845
382,2021-03-03,0.0166083013030627,0.0036,-0.1116728446251947,0.3138092600847814,64.4000015258789,64.4000015258789,63.09999847412109,64.0,58.02423477172852,217850,0.0047095641046693,0.0047096305772671,0.0130083013030627,-0.0051269972909326,-0.0098366278681997,0.0005976255357412,1.2856541822246794,0.0647605176651303,0.0118863975705395,0.027679049612337803,0.056674013377460496,0.059258348343136,0.0682188213230662,0.0186400713364136,0.0536135655596326,-0.0008761548882695,-0.0504549048749221,-0.0154814106517031
383,2021-03-04,-0.0188332956243345,0.0037,0.2431489589753981,-0.6132831545069698,64.0,64.5,63.09999847412109,63.29999923706055,57.38959503173828,238268,-0.0109375119209289,-0.0109374943501961,-0.0225332956243345,-0.0019770213702659,0.0089604729799302,0.0005961510986764,1.2858579946681132,0.0647439269537581,0.0118772604380516,-0.0008761548882695001,0.036639522592268006,0.06563448635739069,0.016055736370738094,0.051029230593957094,0.0498149789260845,-0.0406182770067223,-0.0056447827835033,-0.0068590344513759
384,2021-03-05,-0.0032175511002958,0.0039,-0.0207591886100643,-0.0057127979026195,62.70000076293945,63.400001525878906,62.70000076293945,63.0,57.11760711669922,170200,-0.0047393244972569,-0.0047393245219563,-0.0071175511002958,-0.054318074508609,-0.0495787499866526,0.0005687421978795,1.2855153772294412,0.0645870695805988,0.0117885730039127,-0.040618277006722395,-0.0504549048749221,-0.012939227394384592,0.022034266828834408,0.020820015160961807,0.008898463548734007,-0.0146052557634335,-0.0158195074313062,-0.027741059043534
385,2021-03-08,-0.002215049302293,0.0039,0.0304511567834502,-0.0957012567788122,63.5,63.59999847412109,62.59999847412109,62.70000076293945,56.84561538696289,200500,-0.0047618926517547,-0.0047619594634035,-0.006115049302293,0.0302115347598155,0.034973494223219,0.0003719287240914,1.2577322597845213,0.0654999247316694,0.0124950826696145,-0.014605255763433599,-0.005644782783503395,-0.015481410651703102,-0.016695662319575703,-0.028617213931803505,-0.042487738735129905,0.0337592425553464,0.0218376909431186,0.0079671661397922
386,2021-03-09,0.0020846562669041,0.004,0.0776487539003372,-0.2065283903139128,62.70000076293945,63.20000076293945,62.0,63.09999847412109,57.2082633972168,299050,0.0063795487450467,0.0063795247493632,-0.0019153437330959,0.0051652730814905,-0.0012142516678726,0.0004783585175008,1.2578440813282687,0.0674443725150228,0.0130298950626425,0.0337592425553464,-0.0158195074313062,-0.006859034451375996,-0.018780586063603798,-0.0326511108669302,-0.026614345034937696,-0.0131358032801004,-0.0270063280834268,-0.0209695622514343
387,2021-03-10,0.0036951836331196,0.00405,0.0298856669498877,0.1009301639887334,63.79999923706055,65.19999694824219,63.59999847412109,64.4000015258789,58.38688659667969,612022,0.0206022675625099,0.0206023243754018,-0.0003548163668804,0.008680772763174,-0.0119215516122278,0.0004687704545719,1.2646187451898596,0.0665603857250561,0.0126449268078355,-0.013135803280100401,0.021837690943118604,-0.027741059043534,-0.0416115838468604,-0.0355748180148679,-0.05251416771804,-0.0257920764155542,-0.0197553105835616,-0.0366946602867337
388,2021-03-11,0.0168360486204663,0.00405,-0.1267486073431216,0.5053237991448478,64.4000015258789,65.80000305175781,64.4000015258789,65.4000015258789,59.29351425170898,1450014,0.0155279499426433,0.0155279328608839,0.0127860486204662,0.0016574080575574,-0.0138705248033264,0.0003904583992139,1.256789319703948,0.0663346503205526,0.0128888639666488,-0.0257920764155542,-0.027006328083426803,0.007967166139792203,0.014003931971784704,-0.002935417731387396,-0.011453206856759796,-0.0078337589713339,-0.024773108674506,-0.0332908977998784
389,2021-03-12,0.0046738056656531,0.004,-0.0751494138893969,-0.0052217177891488,65.5,65.80000305175781,64.19999694824219,64.5999984741211,58.56821060180664,272034,-0.0122324622797026,-0.0122324281003707,0.000673805665653,-0.0061956622683781,0.0060367658319925,0.0004404221093953,1.2619803565676575,0.0663268189228755,0.0126781172068335,-0.0078337589713339,-0.019755310583561697,-0.0209695622514343,-0.0379089119546064,-0.046426701079978795,-0.03332266923164769,-0.0109025838711796,-0.019420372996552,-0.0063163411482208
390,2021-03-15,-0.0003598612557631,0.004,0.1240430254529991,-0.1365748078825288,64.5999984741211,65.69999694824219,64.4000015258789,65.69999694824219,59.56549835205078,350031,0.0170278405588779,0.0170277995519532,-0.0043598612557631,8.84498487810437e-05,-0.0169393497031721,0.0003776870490612,1.2600875061216257,0.0662077351940182,0.0129404313090529,-0.0109025838711796,-0.024773108674506,-0.03669466028673379,-0.04521244941210619,-0.03210841756377509,-0.02991926175804489,-0.0254571388285445,-0.0123531069802134,-0.0101639511744832
391,2021-03-16,0.0039281667501436,0.0042,-0.0068706597864372,0.1055638443596507,66.5999984741211,67.0999984741211,65.19999694824219,66.0,59.83749008178711,658032,0.0045662567076548,0.0045662629754017,-0.0002718332498563,-0.0039515261499706,-0.0085177891253724,0.0002317037494056,1.2398604868871104,0.0669174986609132,0.0138074496917836,-0.0254571388285445,-0.019420372996552,-0.0332908977998784,-0.020186865951547298,-0.017997710145817098,-0.0076779707714705984,0.0045862427229587,0.0067753985286889,0.0170951379030354
392,2021-03-17,-0.0059669520079287,0.0039,0.1450395396336835,-0.2691725136016665,66.0,66.80000305175781,65.30000305175781,65.5,59.38417434692383,382514,-0.0075757575757575,-0.0075757812408856,-0.0098669520079287,0.0055282506074454,0.0131040318483311,0.0002249764875521,1.234256289834438,0.0673124167871102,0.0139187599275487,0.004586242722958701,-0.012353106980213401,-0.006316341148220899,-0.004127185342490699,0.0061925540318558,-0.0080683793542384,0.0152931876540613,0.0256129270284077,0.0113519936423135
393,2021-03-18,0.004441312857573,0.004,0.1568042207990801,-0.0975071616928604,65.5999984741211,66.4000015258789,65.4000015258789,65.5,59.38417434692383,240003,0.0,0.0,0.0004413128575729,0.0021891558057302,0.0021891558057302,0.0001943075615252,1.2331841758005222,0.0675563406724227,0.0140068458924935,0.0152931876540613,0.0067753985286889,-0.010163951174483201,0.00015578819986329824,-0.014105145186230902,-0.014437347057090802,0.0125088951800766,-0.0017520382060175,-0.0020842400768774
394,2021-03-19,-0.0133596358671526,0.00425,0.2465563936634041,-0.2807796122095933,65.5,66.0999984741211,64.9000015258789,65.0999984741211,59.021522521972656,271039,-0.0061068935248687,-0.0061068766037319,-0.0176096358671525,0.0042128627706145,0.0103197393743465,0.0001084730687517,1.2222167019254284,0.0679213560743084,0.014409445596419,0.012508895180076699,0.025612927028407798,0.0170951379030354,0.0028342045169412,0.0025020026460812997,-0.020300757965575202,-0.0039411940117477,-0.0042733958826076,-0.0270761564942641
395,2021-03-22,0.007403715840725,0.0042,-0.0299039536673082,-0.2029043432602777,65.0999984741211,65.80000305175781,64.69999694824219,65.4000015258789,59.29351425170898,243012,0.0046083419168906,0.004608348245084,0.003203715840725,-0.0096525851410102,-0.0142609333860942,0.00012785973702,1.2233208359496133,0.0679218733471206,0.0142978540073803,-0.0039411940117477,-0.0017520382060175008,0.011351993642313598,0.011019791771453697,-0.011782968840202804,-0.008998877185672705,-0.0145931352569541,-0.0373958958686106,-0.0346118042140805
396,2021-03-23,-0.0007183720407116,0.00405,-0.0857623238762055,0.0740761937413539,65.4000015258789,65.80000305175781,64.5,64.5999984741211,58.56821060180664,351126,-0.0122324622797026,-0.0122324281003707,-0.0047683720407116,-0.0125646299712307,-0.0003322018708599,0.0001304835548517,1.2232794981718205,0.067916936182126,0.0142961604453035,-0.0145931352569541,-0.0042733958826076,-0.002084240076877401,-0.024887000688533903,-0.022102909034003804,-0.026821579831600002,-0.0231349624825164,-0.0203508708279863,-0.0250695416255825
397,2021-03-24,-0.0089920518425493,0.00395,0.3569574174420261,-0.3694724669043895,64.9000015258789,66.4000015258789,64.80000305175781,66.0999984741211,59.92815017700195,524439,0.0232198147899477,0.0232197562674616,-0.0129420518425493,0.0004169956558051,-0.0228027606116565,0.0001227049449424,1.222670241217565,0.0679370702296038,0.0143287392743424,-0.0231349624825164,-0.0373958958686106,-0.027076156494264102,-0.024292064839734003,-0.029010735637330205,-0.0951252003872522,-0.0200186689571264,-0.0247373397547226,-0.0908518045046446
398,2021-03-25,0.0017477121581668,0.00385,-0.0741347828585845,0.1238249563097582,66.0999984741211,66.4000015258789,65.19999694824219,65.5999984741211,59.47483825683594,280609,-0.0075642966950408,-0.0075642568446903,-0.0021022878418332,-0.0047801651901601,0.0027840916545301,0.0001417780552255,1.22506023137145,0.0678667721578944,0.0142153273904546,-0.020018668957126402,-0.0203508708279863,-0.0346118042140805,-0.0393304750116767,-0.10544493976159869,-0.10085683458680829,-0.0019345791430661,-0.0680490438929881,-0.0634609387181977
399,2021-03-26,0.0153012514059246,0.00385,-0.0757729927777226,0.4357500086106899,65.80000305175781,65.80000305175781,65.4000015258789,65.80000305175781,59.65616607666016,181217,0.0030488503397697,0.0030488156864114,0.0114512514059245,-0.0016698551111847,-0.0047186707975962,0.0001692726421007,1.2255672505687865,0.0679704982268696,0.0142503138682505,-0.0019345791430661003,-0.0247373397547226,-0.025069541625582503,-0.0911840063755045,-0.0865959012007141,-0.0804468871086025,-0.0708331355475182,-0.0662450303727278,-0.0600960162806162
400,2021-03-29,0.0104312567941695,0.00395,-0.013364921463583,0.1619017012322355,67.5,70.30000305175781,67.5,69.5,63.01068878173828,4541605,0.0562309540522634,0.0562309468692212,0.0064812567941695,-0.0098835178807007,-0.066114464749922,0.0001629796715971,1.225243013588042,0.0679670236177365,0.0142291093224179,-0.0708331355475182,-0.0680490438929881,-0.0908518045046446,-0.0862636993298542,-0.0801146852377426,-0.0756101103346787,-0.0615263595751316,-0.05537734548302,-0.0508727705799561
401,2021-03-30,0.0047905940670936,0.00405,0.0945010735978512,0.0693198883949423,69.5,70.69999694824219,69.19999694824219,70.0,63.46400451660156,1804203,0.0071942446043165,0.0071942672525531,0.0007405940670935,0.0117823724273436,0.0045881051747904,7.42107503938437e-05,1.2143542985237454,0.0684511954778725,0.0147526628802005,-0.0615263595751316,-0.0662450303727278,-0.0634609387181977,-0.05731192462608611,-0.05280734972302221,-0.0628390979512365,0.010737119266902,0.0152416941699658,0.0052099459417515
402,2021-03-31,-0.007476307820015,0.00415,0.2238568395208092,-0.2145134432090646,70.0,70.19999694824219,69.0,69.80000305175781,63.28268051147461,1156066,-0.0028570992606026,-0.0028571157226537,-0.011626307820015,0.0032918983694578,0.0061490140921116,0.0001226388214426,1.218538819596309,0.0684626689498745,0.0145726055783952,0.010737119266902,-0.05537734548302,-0.060096016280616206,-0.05559144137755231,-0.0656231896057666,-0.0612864021795153,0.0106535889951755,0.0006218407669611,0.0049586281932124
403,2021-04-01,0.0085294456419009,0.00425,-0.169709848865741,0.3578605794961239,70.5,70.69999694824219,69.5,69.5999984741211,63.10135269165039,559202,-0.0028653949698026,-0.0028653625029575,0.0042794456419009,0.0016392124001064,0.0045045749030639,0.0001213399826368,1.2184723969979352,0.0684630288340372,0.0145741732918011,0.0106535889951755,0.015241694169965899,-0.0508727705799561,-0.0609045188081704,-0.056567731381919104,-0.047263343030066206,-0.0055271733251504,-0.0011903858988991,0.0081140024529537
404,2021-04-07,0.0147291029106623,0.0042,0.0652668175172813,0.2026477961743979,70.5,71.9000015258789,70.19999694824219,70.4000015258789,63.826656341552734,1184044,0.0114942969726539,0.0114942646863149,0.0105291029106623,0.0014625164581006,-0.0100317482282143,9.945965293243006e-05,1.2167852788464164,0.0684673930654553,0.0146693270301173,-0.0055271733251504,0.0006218407669611997,0.005209945941751599,0.009546733368002899,0.0188511217198558,-0.0426572279548917,-0.005694960801963,0.0036094275498898,-0.0578989221248576
405,2021-04-08,0.0066058700053801,0.00415,0.0697777465816811,0.1107629885646942,70.4000015258789,70.9000015258789,70.19999694824219,70.5999984741211,64.00798034667969,603101,0.0028408656805024,0.0028408820940994,0.00245587000538,0.0071776695203507,0.0043367874262513,2.650889130626589e-05,1.2089415763463511,0.0684458529847157,0.0149616884366709,-0.005694960801963,-0.0011903858988991005,0.0049586281932124995,0.014263016545065399,-0.0472453331296821,-0.008327538060950199,0.0136411757781042,-0.0478671738966433,-0.0089493788279114
406,2021-04-09,-0.0042737779525536,0.00405,0.0097639059152293,-0.0551072586717938,70.5999984741211,70.9000015258789,69.0,69.19999694824219,62.73869705200195,564407,-0.0198300503702147,-0.0198300788089711,-0.0083237779525536,-0.0105256904571182,0.0093043883518529,3.036849251935507e-05,1.2102081780489513,0.06836607100967,0.0149072555903175,0.0136411757781042,0.0036094275498898994,0.008114002452953798,-0.0533943472217937,-0.014476552153061803,-0.0633326690817862,-0.0522039613228946,-0.0132861662541627,-0.0621422831828871
407,2021-04-12,0.000332240197031,0.0039,0.1793512620988715,-0.4364952554370299,70.30000305175781,72.5,70.30000305175781,72.0,65.27725982666016,2123588,0.0404624736306283,0.0404624720298874,-0.003567759802969,-0.0210458776448601,-0.0615083496747475,5.004662643681967e-05,1.2129800053012303,0.0682583646511563,0.0147738614180752,-0.0522039613228946,-0.0478671738966433,-0.0578989221248576,-0.0189811270561257,-0.06783724398485011,-0.08692264362831362,-0.0225905546060155,-0.0714466715347399,-0.0905320711782035
408,2021-04-13,-0.0020634450264278,0.00395,-0.1564803087308794,-0.0537766319767357,73.0,73.30000305175781,68.5999984741211,68.5999984741211,62.19472503662109,1579581,-0.0472222434149848,-0.0472221842372758,-0.0060134450264278,-0.0083043891685439,0.0389177950687319,3.718269169714289e-05,1.2126868422728898,0.0683278235343272,0.0148010215647654,-0.022590554606015598,-0.0132861662541627,-0.0089493788279114,-0.0578054957566358,-0.0768908954000993,-0.0558813847732311,-0.0099383218599925,-0.029023721503456,-0.0080142108765878
409,2021-04-14,0.002440461583074,0.00375,-0.1450477800876562,0.0951447976859695,69.5999984741211,69.5999984741211,67.0,69.0,62.557376861572266,791086,0.0058309261629182,0.0058309096910975,-0.0013095384169259,-0.0430252072376269,-0.0488561169287244,5.011393070564836e-05,1.209393815998164,0.0689964019762275,0.0149792151992323,-0.0099383218599925,-0.07144667153473999,-0.0621422831828871,-0.0812276828263506,-0.060218172199482396,-0.08386510531659269,-0.0679415165721879,-0.0469320059453197,-0.07057893906243
410,2021-04-15,0.012496153902719,0.00375,-0.0328757134612723,0.2752869347510234,69.80000305175781,69.9000015258789,68.80000305175781,69.69999694824219,63.192012786865234,348000,0.0101448833078577,0.0101448615196462,0.008746153902719,-0.0089405381238173,-0.0190853996434635,3.725819961760183e-05,1.2089929621001907,0.0690434338710909,0.0149965975832504,-0.0679415165721879,-0.029023721503456,-0.0905320711782035,-0.0695225605513353,-0.0931694936684456,-0.0888580198038396,0.0019241109834046,-0.0217228221337056,-0.0174113482690996
411,2021-04-16,0.0048065452737105,0.0037,0.3363630523354859,-0.3487651177998662,69.69999694824219,70.9000015258789,69.69999694824219,70.0,63.46400451660156,520002,0.0043042046613085,0.0043042105756894,0.0011065452737105,0.0253137212025576,0.0210095106268682,3.024140962556477e-06,1.2072300088731431,0.0689534482313271,0.0148847429481718,0.0019241109834046977,-0.0469320059453197,-0.008014210876587803,-0.0316611439936981,-0.027349670129092098,-0.011586162427569498,-0.0026374224902421,0.0016740513743638,0.0174375590758865
412,2021-04-19,0.006088344510513,0.0037,0.2943177951112369,-0.4114239118079784,71.5,71.69999694824219,70.19999694824219,71.5,64.8239517211914,931251,0.0214285714285714,0.0214286384061077,0.0023883445105129,-0.0022182947110026,-0.0236469331171103,0.0002182541453989,1.2312033294597735,0.0684487606123818,0.014056770390867,-0.0026374224902421008,-0.0217228221337056,-0.07057893906243,-0.066267465197824,-0.050503957496301405,0.0135594787556024,-0.0193354592525042,-0.0035719515509816,0.0604914847009221
413,2021-04-20,0.0035097528521691,0.00375,0.0513222593063609,0.0761123733450597,71.5,71.80000305175781,70.4000015258789,71.5999984741211,64.91461181640625,637620,0.0013985800576376,0.0013985586007587,-0.0002402471478308,0.0057100324653647,0.004311473864606,0.0002063160865278,1.2307819435814906,0.0683696339741226,0.0140414138204928,-0.019335459252504298,0.0016740513743638994,-0.0174113482690996,-0.0016478405675770004,0.06241559568432681,0.03587892754821951,0.0200749815661286,0.0841384178180324,0.0576017496819251
414,2021-04-21,-0.0070284394690715,0.00385,0.2858186462720597,-0.4914339269759324,71.69999694824219,71.69999694824219,70.5,71.0999984741211,64.46128845214844,329697,-0.0069832403722846,-0.0069833794206444,-0.0108784394690715,0.0087801282808782,0.0157635077015226,0.0002060493465533,1.2324567305067176,0.068202103936659,0.0139617146400985,0.0200749815661286,-0.003571951550981698,0.0174375590758865,0.0815009953277903,0.054964327191683,0.0684981401853512,0.0798269439534264,0.0532902758173191,0.0668240888109873
415,2021-04-22,-0.0061119639215757,0.00385,-0.1240135798535156,0.0138668412468644,71.9000015258789,71.9000015258789,67.80000305175781,67.9000015258789,61.56008529663086,884000,-0.0450069903926498,-0.0450069060855218,-0.0099619639215757,0.019056530166382,0.0640634362519038,0.0001958044256858,1.232415098093108,0.0682592085011119,0.013939213747881,0.0798269439534264,0.08413841781803241,0.06049148470092211,0.03395481656481481,0.047488629558483014,0.03399356373019052,0.0375267681157965,0.0510605811094647,0.0375655152811722
416,2021-04-23,0.0118909268580451,0.0039,-0.1494131693685702,0.4969735210094842,68.0,70.0,67.9000015258789,69.69999694824219,63.192012786865234,482005,0.0265095048882619,0.0265095066449443,0.0079909268580451,-2.7161491163001268e-05,-0.0265366681361073,0.0001324265344166,1.2251704982985934,0.0682290112325458,0.0141188276147181,0.037526768115796506,0.053290275817319106,0.057601749681925114,0.07113556267559332,0.05764049684730082,0.037139010524301116,-0.013002855142439,-0.0264979209707315,-0.0469994072937312
417,2021-04-26,0.0157234273580907,0.0039,0.051677125418956,0.1641566455582717,69.69999694824219,69.69999694824219,68.80000305175781,68.9000015258789,62.46671295166016,487002,-0.0114776966627034,-0.0114777137682158,0.0118234273580907,0.0020560992254524,0.0135338129936682,0.0001051669276305,1.2236378368475835,0.0681138787378592,0.0141148613860325,-0.013002855142439098,0.05106058110946471,0.06682408881098731,0.05332902298269481,0.03282753665969511,0.03038660203715371,3.8747165375701415e-05,-0.0204627391576239,-0.0229036737801653
418,2021-04-27,0.0013436683201044,0.0039,0.0122513772245024,-0.0402040868470181,69.4000015258789,70.19999694824219,68.4000015258789,69.19999694824219,62.73869705200195,390000,0.0043540698943323,0.0043540645487822,-0.0025563316798956,-0.0091410012795103,-0.0134950658282925,8.169884094355411e-05,1.2242098224228102,0.0681277864747983,0.0141289680686454,3.8747165375701415e-05,-0.026497920970731597,0.03756551528117221,0.017064028958172512,0.014623094335631113,0.03840526166789052,-0.0339965521512922,-0.0364374867738336,-0.0126553194415741
419,2021-04-28,-0.0016123695360946,0.00395,0.2526547072208036,-0.1085410302472642,69.19999694824219,71.0,67.5,70.4000015258789,63.826656341552734,2091530,0.0173411073779996,0.0173411202443207,-0.0055623695360946,-0.003160366078679,-0.0205014863229997,0.0004439536785091,1.273293910092967,0.0668159977908055,0.0117486958954463,-0.0339965521512922,-0.020462739157623998,-0.046999407293731296,-0.049440341916272695,-0.025658174584013295,-0.0063207245747848965,-0.0229424209455411,0.0008397463867183,0.0201771963959467
420,2021-04-29,-4.947426643282201e-05,0.0039,0.0028413497279985,0.0972127776781375,70.4000015258789,71.5999984741211,70.0,70.80000305175781,64.1893081665039,1579088,0.0056818397330839,0.0056818239547209,-0.0039494742664328,0.0032408893321795,-0.0024409346225414,0.0002565507491446,1.2529356297029748,0.068322582317254,0.0129616388258549,-0.0229424209455411,-0.0364374867738336,-0.022903673780165397,0.0008784935520940035,0.020215943561322402,0.0356848887952664,0.021341232709718,0.0406786827189463,0.0561476279528904
421,2021-05-03,-0.0196002281488037,0.0039,-0.0213117734978706,-0.5040284486752854,71.0,71.0,68.19999694824219,68.80000305175781,62.37605285644531,604134,-0.0282485863529965,-0.0282485566810456,-0.0235002281488037,-0.0044663893487862,0.0237821673322594,0.0003108035821134,1.2582812431907664,0.0679415900473836,0.012680282551087,0.021341232709718,0.0008397463867183021,-0.012655319441574199,0.006682130567654199,0.022151075801598197,0.020405311271488796,0.0431196173414877,0.0585885625754317,0.0568427980453224
422,2021-05-04,-0.0167555716290253,0.00385,-0.3858156158804161,0.1389907511544678,68.80000305175781,68.80000305175781,64.0,66.80000305175781,60.56279754638672,1127500,-0.0290697661524144,-0.0290697347302768,-0.0206055716290253,-0.0097322847210484,0.0193374500092284,0.0002881577666689,1.256072886400173,0.0679617751508991,0.0127266632350546,0.043119617341487795,0.040678682718946396,0.0201771963959467,0.0356461416298907,0.033900377099781304,-0.005285421418465594,0.0348063952431723,0.033060630713063,-0.0061251678051838
423,2021-05-05,-0.0053348896407709,0.00395,0.0688769366388637,-0.4520214563869048,66.80000305175781,67.5999984741211,65.0999984741211,66.5,60.29080581665039,491173,-0.0044910634438948,-0.0044910694478405,-0.0092848896407709,0.0109778757861035,0.015468945233944,0.0001346338822112,1.2359476788037944,0.0679389821442624,0.0135352814291473,0.034806395243172396,0.058588562575431796,0.0561476279528904,0.054401863422781,0.015216064904534102,0.0384784678139648,0.0137231807038346,-0.0254626178144122,-0.0022002149049815
424,2021-05-06,0.0089601605595464,0.0039,-0.100459242896436,0.1372763189193072,66.80000305175781,67.9000015258789,64.80000305175781,66.80000305175781,60.56279754638672,679051,0.0045113240865836,0.0045113301448229,0.0050601605595464,0.0027655656147134,-0.0017457645301094,0.0001368597407141,1.2362603353727073,0.0679343207147542,0.0135216103894617,0.0137231807038346,0.033060630713063,0.0568427980453224,0.0176569995270755,0.0409194024365062,0.0864719906508398,-0.0409315630483562,-0.0176691601389255,0.027883428075408
425,2021-05-07,0.0171021818820399,0.0039,0.0747803132922693,0.2886635534753469,66.80000305175781,70.0,66.69999694824219,69.5,63.01068878173828,1451055,0.0404191141451023,0.0404190581433536,0.0132021818820399,0.0012332596251067,-0.0391857985182469,0.0001228884426818,1.2358465488254746,0.067878422485865,0.0135110611545065,-0.040931563048356295,-0.025462617814412298,-0.0061251678051838995,0.0171372351042468,0.06268982331858039,0.08081719659287559,-0.0159233956088162,0.0296291926055174,0.0477565658798126
426,2021-05-10,-0.0028574269597917,0.00395,0.2670735860594263,-0.4799612403014121,68.5999984741211,69.0,67.5999984741211,67.80000305175781,61.469425201416016,617070,-0.0244603877444919,-0.0244603512534361,-0.0068074269597917,-0.0011979483440053,0.0232624029094307,6.650611239367384e-05,1.2297604672735851,0.0678858882159806,0.0138254788793352,-0.0159233956088162,-0.017669160138925596,-0.002200214904981599,0.043352373309352,0.0614797465836472,0.09883027448875481,0.0688149911237643,0.0869423643980595,0.124292892303167
427,2021-05-11,-0.0378564227947409,0.00395,-0.0841181361099495,-0.6935272800994833,68.5,68.5,64.0,65.0999984741211,59.021522521972656,1126603,-0.0398230745738398,-0.0398230936993855,-0.0418064227947409,0.005729494514948,0.0455525882143336,2.448807956800553e-05,1.2323190262744328,0.0683433770813152,0.0139063273073914,0.0688149911237643,0.0296291926055174,0.027883428075408,0.0460108013497032,0.0833613292548108,0.08822191430404659,0.0636799614886288,0.1010304893937364,0.1058910744429722
428,2021-05-12,-0.0410514002428343,0.00395,-0.289009844104685,-0.2150592371014544,65.5,65.5,60.0,64.19999694824219,58.2055549621582,1104000,-0.0138249085556688,-0.013824915470635,-0.0450014002428343,0.0043024578036602,0.0181273732742952,2.678821947540148e-05,1.2286251297254536,0.0684696102878938,0.0142242745403173,0.0636799614886288,0.0869423643980595,0.0477565658798126,0.0851070937849202,0.089967678834156,0.1717220155036182,0.0554779011794028,0.0603384862286386,0.1420928228981008
429,2021-05-13,-0.0146060308055249,0.00415,0.1257270162342219,-0.1918283545059035,62.09999847412109,63.20000076293945,60.20000076293945,61.5,55.757659912109375,1368096,-0.0420560292303271,-0.0420560383221206,-0.0187560308055249,-0.004705510417013,0.0373505279051076,-0.0001913281625546,1.2004685264358783,0.0688225052657566,0.0151449225320021,0.0554779011794028,0.1010304893937364,0.12429289230316709,0.1291534773524029,0.2109078140218651,0.1268862888696829,0.0422111129543434,0.1239654496238056,0.0399439244716234
430,2021-05-14,0.0100184579733671,0.0040999999999999,-0.1349352281989702,0.5289492436900144,62.5,62.900001525878906,60.09999847412109,60.70000076293945,55.0323600769043,758200,-0.0130081176757812,-0.0130080752375254,0.0059184579733671,-0.0081474901882896,0.0048605850492358,-0.0001770666763845,1.2018182309040488,0.0687763846999564,0.0150808404886258,0.042211112954343405,0.060338486228638605,0.1058910744429722,0.1876454111124344,0.10362388596025221,0.11289911923761871,0.086614921718698,0.0025933965665158,0.0118686298438823
431,2021-05-17,-0.0298981177199397,0.004,-0.3373818024108696,0.0194628893637223,56.5,58.400001525878906,54.79999923706055,55.0,49.86457443237305,818593,-0.0939044594941686,-0.0939044888736297,-0.0338981177199397,-0.0121501522041675,0.0817543366694622,-0.0001763691236211,1.2006062559149735,0.0689527059969352,0.0151632612499902,0.086614921718698,0.12396544962380561,0.14209282289810082,0.058071297745918626,0.06734653102328512,0.09283545989686062,-0.0022671884827199,0.0070080447946465,0.032496973668222
432,2021-05-18,0.0515889353414173,0.00415,0.0584660254267184,0.6501745515782613,56.20000076293945,59.20000076293945,55.70000076293945,59.0,53.4910888671875,1006182,0.0727272727272727,0.0727272713363427,0.0474389353414173,-0.0112942538158395,-0.0840215251521822,-0.0001737159733336,1.199539637738842,0.0690051644915659,0.0152211138241297,-0.0022671884827199923,0.0025933965665158043,0.03994392447162341,0.04921915774898991,0.07470808662256541,0.05635266039732591,-0.0747462918748157,-0.0492573630012402,-0.0676127892264797
433,2021-05-19,-0.0008249924819233,0.0043,0.2497562093504655,-0.3715579315665557,59.0,59.79999923706055,57.400001525878906,58.400001525878906,52.94711685180664,478013,-0.0101694656630693,-0.0101693950693634,-0.0051249924819233,-0.0008941617919969,0.0092752332773665,-0.0001499681939624,1.201416739122378,0.0687964949741988,0.0150315747948903,-0.0747462918748157,0.007008044794646508,0.011868629843882305,0.03735755871745781,0.01900213249221831,-0.006856178266617292,0.034764162150942,0.0164087359257025,-0.009449574833133
434,2021-05-20,-0.005597328885188,0.00425,-0.0848810479790631,-0.024178131010459,58.59999847412109,59.20000076293945,58.0,58.0,52.5844612121582,221013,-0.0068493410175965,-0.006849393530973,-0.009847328885188,0.0186395353426025,0.0254889288735755,-0.0001865867204381,1.188992628201308,0.0683608047815889,0.0153239709466759,0.034764162150942,-0.0492573630012402,0.03249697366822201,0.014141547442982513,-0.011716763315853088,-0.013272437635575687,0.007133502648336,-0.0187248081104995,-0.0202804824302221
435,2021-05-21,0.0161883421802519,0.00435,0.0866087823994482,0.1390632281157012,58.5,59.400001525878906,58.20000076293945,59.400001525878906,53.85374450683594,209006,0.0241379573427397,0.0241379918215127,0.0118383421802519,0.0057825655962732,-0.0183554262252395,-0.0001433537565386,1.194625165877809,0.068125472978431,0.0150161558066162,0.007133502648336003,0.016408735925702505,-0.0676127892264797,-0.0934710999853153,-0.0950267743050379,-0.07891478372141371,-0.0442137369840751,-0.0457694113037977,-0.0296574207201735
436,2021-05-24,0.0022224473290466,0.00425,0.2823940268965995,-0.1080829003132863,59.0,62.09999847412109,58.79999923706055,61.400001525878906,55.66699981689453,557000,0.0336700328051112,0.0336699950330923,-0.0020275526709534,0.0078116842742566,-0.0258583107588356,-0.0001462231020324,1.1942786175531863,0.0681407561584034,0.0150310863391334,-0.0442137369840751,-0.018724808110499598,-0.009449574833133096,-0.011005249152855695,0.005106741430768506,0.006768017422850106,-0.0274139850785582,-0.011301994494934,-0.0096407185028524
437,2021-05-25,0.0157531713659839,0.0044,-0.2182457518193874,0.4982790741814239,61.59999847412109,62.59999847412109,61.5,61.900001525878906,56.12031555175781,400000,0.0081433222731966,0.0081433476988947,0.0113531713659838,0.0065876733791721,-0.0015556743197226,-0.0001055240503816,1.198547670940171,0.0682727959247654,0.0149986086832502,-0.0274139850785582,-0.045769411303797705,-0.020280482430222197,-0.004168491846597996,-0.002507215854516396,-0.007556650213714296,0.0145563162639016,0.0162175922559832,0.0111681578967853
438,2021-05-26,0.0028934976096809,0.00435,0.0723214900272531,-0.0084127184896188,61.900001525878906,62.400001525878906,61.59999847412109,62.0,56.210975646972656,217005,0.0016154841947667,0.0016154594699531,-0.001456502390319,0.0177274500535773,0.0161119905836242,-0.0003262645964051,1.170783575565853,0.0686749686498561,0.0163509330044263,0.014556316263901602,-0.011301994494934,-0.029657420720173504,-0.027996144728091903,-0.033045579087289806,-0.044906574645503405,0.0177732665757058,0.0127238322165079,0.0008628366582943
439,2021-05-27,-0.0025282902714277,0.0040999999999999,0.1561206295529623,-0.0998968819747109,62.0,62.400001525878906,61.5,61.900001525878906,56.12031555175781,125000,-0.0016128786148563,-0.001612853969734,-0.0066282902714277,4.8422022347597085e-05,0.0016612759920816,-0.0003139585070449,1.1625939501493674,0.0679355717540751,0.0160346955180424,0.017773266575705802,0.016217592255983203,-0.0096407185028524,-0.0146901528620503,-0.0265511484202639,-0.0499055008122664,-0.0033881583671162,-0.0152491539253299,-0.0386035063173324
440,2021-05-28,0.0162183071483092,0.00415,0.0374392303508313,0.1347017826973979,62.400001525878906,63.5,62.400001525878906,62.79999923706055,56.93627548217773,282000,0.0145395426332158,0.0145394750973448,0.0120683071483091,0.0094900407381469,-0.0050494343591979,-0.0007357969458287,1.0655468474304917,0.0681706691406674,0.0189379575498184,-0.0033881583671162997,0.012723832216507903,0.011168157896785304,-0.0006928376614282958,-0.024047190053430794,-0.012601047194337795,-0.0169104299174115,-0.0402647823094139,-0.0288186394503209
441,2021-05-31,0.0117107438399236,0.0040999999999999,-0.057669029395499,0.2791971243790769,63.400001525878906,63.400001525878906,62.5,62.900001525878906,57.02694320678711,344001,0.0015923931533958,0.001592442144161,0.0076107438399236,-0.0102685534140525,-0.0118609955582136,-0.0006688398218166,1.087343867038597,0.0672186734226894,0.0180735358634767,-0.0169104299174115,-0.0152491539253299,0.0008628366582943033,-0.022491515733708195,-0.011045372874615196,-0.009237591978883996,-0.035215347950216,-0.023769205091123,-0.0219614241953918
442,2021-06-01,0.0055043828632814,0.00415,0.1251583915724762,-0.1127990336320206,63.29999923706055,64.69999694824219,63.0,64.69999694824219,58.65886688232422,403001,0.0286167786756366,0.0286167131494237,0.0013543828632813,0.0052623607574211,-0.0233543523920025,-0.0006329567765148,1.099407791680247,0.066740453705808,0.0172938659556243,-0.035215347950216094,-0.04026478230941399,-0.0386035063173324,-0.0271573634582394,-0.025349582562508202,0.0022468518649084966,-0.0119082095329094,-0.0101004286371783,0.0174960057902383
443,2021-06-02,0.0001548854524777,0.0042,0.0070567233501407,-0.0968250074844738,64.9000015258789,65.19999694824219,63.70000076293945,64.69999694824219,58.65886688232422,371084,0.0,0.0,-0.0040451145475223,0.011446142859093,0.011446142859093,-0.0004088062296179,1.1517403392225498,0.0667381933655335,0.01561860638881,-0.011908209532909499,-0.023769205091123097,-0.028818639450320996,-0.027010858554589796,0.0005855758728269024,-0.0013204542943882976,0.0132539237548241,0.0408503581822409,0.0389443280150256
444,2021-06-03,0.0047259486829379,0.00415,0.0900835554649088,0.0450943623158358,64.9000015258789,66.0,64.5,64.80000305175781,58.74953842163086,468417,0.0015456894626382,0.0015457431097081,0.0005759486829378,0.0033535240054393,0.0018077808957312,-0.0004055983564678,1.1522422203551783,0.0667312805716034,0.0156037472622981,0.013253923754824199,-0.0101004286371783,-0.021961424195391897,0.0056350102320248015,0.0037289800648096015,0.0037782104365517277,0.0294042153231478,0.0274981851559327,0.0275474155276748
445,2021-06-04,-0.0057259122671554,0.0040999999999999,-0.0668832348942156,-0.0300029475563973,64.5999984741211,64.5999984741211,63.70000076293945,63.79999923706055,57.8429069519043,332066,-0.0154321569074392,-0.015432146261642,-0.0098259122671554,0.0121642881657747,0.0275964344274167,-0.0005085132116318,1.1407257962101935,0.0668003551297175,0.0161575189082242,0.029404215323147898,0.0408503581822409,0.017496005790238398,0.015589975623023198,0.015639205994765325,0.028819385160682026,0.0256904042602015,0.0257396346319436,0.0389198137978603
446,2021-06-07,-0.0037031831291943,0.00395,0.0266907830360965,0.0636290034707897,64.0,64.80000305175781,62.5,64.0999984741211,58.11489486694336,262030,0.0047021824552982,0.0047021826766973,-0.0076531831291943,0.002796152509482,-0.0019060301672152,-0.000496412955198,1.1406298388412046,0.0667150206922724,0.0161257676419292,0.0256904042602015,0.0274981851559327,0.038944328015025696,0.038993558386767824,0.05217373755268452,0.05582969921578922,-0.001856799795473,0.0113233793704436,0.0149793410335483
447,2021-06-08,-0.0004506707586016,0.00405,0.12617253551987,-0.1095306615184275,64.9000015258789,64.9000015258789,63.70000076293945,64.19999694824219,58.2055549621582,179017,0.0015600386349691,0.0015600147848915,-0.0045006707586016,0.0016092451566336,4.923037174212595e-05,-0.0005028446607447,1.1398477154627615,0.0667211272573469,0.0161504842649511,-0.001856799795473074,0.025739634631943627,0.027547415527674826,0.04072759469359152,0.044383556356696226,0.044592288634106726,0.0132294095376588,0.0168853712007635,0.017094103478174
448,2021-06-09,-0.0064411381879487,0.0042,-0.0220959287788318,0.0312539957168627,63.79999923706055,64.4000015258789,63.79999923706055,64.0,58.02423477172852,115000,-0.0031152174104217,-0.0031151698587457,-0.0106411381879487,0.010065009307171,0.0131801791659167,-0.0004861446236285,1.1383897442849638,0.0672580338206422,0.0163237981259086,0.013229409537658826,0.011323379370443627,0.03891981379786033,0.04257577546096503,0.042784507738375534,0.048487920604123734,0.0168361408290214,0.0170448731064319,0.0227482859721801
449,2021-06-10,0.0113755445822092,0.004,-0.1700562350593882,0.4517512280374474,64.0,64.0,63.5,63.59999847412109,57.66157913208008,249001,-0.0062500238418579,-0.0062500719065948,0.0073755445822092,-0.0025941102434901,0.0036559616631047,-0.0004919817963256,1.1379281645241024,0.067292922376742,0.0163296002066381,0.0168361408290214,0.016885371200763527,0.014979341033548327,0.015188073310958828,0.020891486176707028,0.030494888686637328,0.0038646939405152,0.0095681068062634,0.0191715093161937
450,2021-06-11,0.0031644110804584,0.00405,0.0102439296811596,-0.0797555350139897,63.29999923706055,64.0,63.20000076293945,63.29999923706055,57.38959503173828,167001,-0.0047169692493407,-0.0047169034292103,-0.0008855889195416,-0.0045081711517998,0.0002087322774105,-0.0005059411467393,1.137093788297896,0.0672768485482772,0.0163562737029442,0.0038646939405152002,0.0170448731064319,0.017094103478174028,0.022797516343922228,0.03240091885385253,0.02083357609028743,0.0059121451431587,0.015515547653089,0.0039482048895239
451,2021-06-15,0.0091654429510234,0.00405,0.0293270769657349,0.1895798552124299,63.29999923706055,64.4000015258789,63.29999923706055,63.900001525878906,57.933570861816406,112004,0.0094787092582944,0.0094786490439127,0.0051154429510233,0.0151820619096609,0.0057034128657482,-0.0005120154596479,1.138027762827722,0.067142786757448,0.0163012081911816,0.0059121451431587,0.0095681068062634,0.0227482859721801,0.0323516884821104,0.020784345718545295,0.0316090071925374,0.0153068153756785,0.0037394726121134,0.0145641340861055
452,2021-06-16,-0.0036514093612619,0.0045,0.0243187995588353,-0.059535305283524,64.4000015258789,65.19999694824219,63.400001525878906,63.79999923706055,57.8429069519043,249500,-0.0015649810083002,-0.0015649632598749,-0.0081514093612619,0.0080384392500553,0.0096034025099303,-0.0005574645131373,1.1321695122943538,0.0672703039544806,0.0165169077725032,0.0153068153756785,0.015515547653089,0.0191715093161937,0.0076041665526286,0.0184288280266207,0.0260521055190965,-0.0019639402536347,0.0088607212203573,0.0164839987128331
453,2021-06-17,0.0047810649605535,0.0045,0.1533349699916918,-0.0531606141142405,63.79999923706055,64.30000305175781,63.59999847412109,64.30000305175781,58.29622650146485,98120,0.0078370504808222,0.0078370810432726,0.0002810649605534,-0.0037302617202924,-0.0115673427635651,-0.000589728382316,1.1295775752747663,0.0673233684854152,0.0165621109922208,-0.0019639402536347998,0.0037394726121134005,0.003948204889523901,0.014772866363516001,0.022396143855991802,0.018387963977205102,-0.0007426812895729,0.0068805962029028,0.0028724163241161
454,2021-06-18,-0.0041442085752098,0.00435,0.1429038222886573,-0.1089649075257203,64.0999984741211,64.5,63.900001525878906,63.900001525878906,57.933570861816406,187031,-0.0062208632487455,-0.006220911050552,-0.0084942085752098,0.0046037504234401,0.0108246614739921,-0.0005064347984498,1.1389808035434617,0.0671852822454682,0.0161617191804965,-0.0007426812895729995,0.0088607212203573,0.0145641340861055,0.0221874115785813,0.0181792316997946,-0.0207625264377577,0.0184479389664679,0.0144397590876811,-0.0245019990498711
455,2021-06-21,-0.0147563598077024,0.00424,0.4000214998664275,-0.5712717318776547,63.59999847412109,63.70000076293945,63.09999847412109,63.5,57.570919036865234,196000,-0.0062598046373584,-0.0062597871934421,-0.0189963598077024,0.0013634902990337,0.0076232774924758,-0.0004981239025515,1.1397911620736054,0.0671493173446618,0.0161186364859205,0.0184479389664679,0.006880596202902801,0.0164839987128331,0.012475818834046401,-0.026465939303505902,-0.0235547976802478,0.0036150976136891,-0.0353266605238632,-0.0324155189006051
456,2021-06-22,0.0007367008667109,0.00436,0.0948217502491735,-0.1873834359505963,64.19999694824219,64.30000305175781,63.5,63.70000076293945,57.75224304199219,211302,0.0031496183140071,0.0031495763514013,-0.0036232991332891,-0.0008586035273854,-0.0040081798787867,-0.0005183468086149,1.1389797555963723,0.0670545208231452,0.0161128988766256,0.0036150976136891,0.014439759087681199,0.0028724163241161003,-0.036069341813436205,-0.03315820019017811,-0.028520371702464808,-0.042949938016339,-0.0400387963930809,-0.0354009679053676
457,2021-06-23,0.015294391354964,0.00386,-0.2606020022615389,0.672992184710401,64.30000305175781,66.80000305175781,64.30000305175781,66.5999984741211,60.381465911865234,815187,0.0455258661922788,0.0455259004911949,0.011434391354964,0.0065841423536426,-0.0389417581375523,-0.0005229762044001,1.1390989072540567,0.0670818835617826,0.0161214101638309,-0.04294993801633901,-0.035326660523863206,-0.024501999049871104,-0.021590857426613003,-0.016953028938899703,-0.011246576407842003,-0.0360306165142942,-0.0313927880265809,-0.0256863354955232
458,2021-06-24,0.0041097760847983,0.00405,0.2735899523451139,-0.197022237191466,67.0,67.30000305175781,65.9000015258789,66.0,59.83749008178711,462006,-0.00900898630432,-0.0090089868118162,5.977608479829956e-05,-0.0060978451885581,0.0029111416232581,-0.0005276427090608,1.13614952929484,0.0672208851799685,0.0162656413060321,-0.036030616514294206,-0.04003879639308091,-0.03241551890060511,-0.027777690412891808,-0.022071237881834106,-0.014566059417028605,0.0075489701109714,0.0132554226420291,0.0207606011068346
459,2021-06-25,0.0054589562336556,0.0042,0.0602797202395748,0.021228946357935,66.4000015258789,66.80000305175781,65.80000305175781,65.9000015258789,59.746829986572266,364010,-0.0015151283957741,-0.0015151052474113,0.0012589562336556,0.0031227232403019,0.0046378284877133,-0.0005361387519355,1.1357446596948446,0.0671953428757754,0.0162810263186765,0.007548970110971401,-0.03139278802658091,-0.035400967905367606,-0.029694515374309907,-0.022189336909504406,-0.04546840457401981,0.010344281018771,0.0178494594835765,-0.0054296081809389
460,2021-06-28,0.0050265964599129,0.0042,0.148243221779853,-0.1512280147752554,66.4000015258789,66.5999984741211,65.5999984741211,66.30000305175781,60.10947799682617,306000,0.0060698257453275,0.0060697447937474,0.0008265964599129,0.0117761973248052,0.0057064525310577,-0.0005394971274099,1.133214452532167,0.0672662363818321,0.0163854087435787,0.010344281018771,0.013255422642029101,-0.02568633549552321,-0.01818115703071771,-0.04146022469523311,-0.018302469766418812,0.0132116309958632,-0.0100674366686522,0.013090318260162
461,2021-06-29,0.0004103667797432,0.00415,-0.1374484298152363,0.152086624155435,66.4000015258789,66.5999984741211,65.0999984741211,65.19999694824219,59.112186431884766,259000,-0.016591343180737,-0.016591253129732,-0.0037396332202568,-0.0090860746649264,0.0075051784648055,-0.0005558973542157,1.13394395988955,0.0673038076896084,0.0162555084709199,0.0132116309958632,0.0178494594835765,0.0207606011068346,-0.0025184665576808013,0.020639288371133498,-0.006157666146771903,-0.0157738891997099,0.0073838657291043,-0.019413088788801
462,2021-06-30,0.0089367991402702,0.0040999999999999,0.1006195619531927,-0.1139259976698967,66.4000015258789,66.4000015258789,65.4000015258789,66.0,59.83749008178711,161502,0.0122699860307183,0.0122699513193968,0.0048367991402702,-0.0110091163451185,-0.0232790676645154,-0.0005890596494733,1.1302043837776987,0.0674515803601546,0.0164390806382231,-0.0157738891997099,-0.010067436668652202,-0.005429608180938902,0.017728146747875397,-0.009068807770030003,-0.012851049612177704,-0.0001213127357011,-0.0269182672536065,-0.0307005090957542
463,2021-07-01,-0.0023385190911774,0.0040999999999999,-0.001046222119399,-0.1968059753617559,66.4000015258789,66.5999984741211,64.80000305175781,65.0,58.93085861206055,197010,-0.0151515151515151,-0.0151515624817711,-0.0064385190911773,0.0080061924470431,0.0231577549288143,-0.0005995245982139,1.1296687638496457,0.0674173286761188,0.0164304567176266,-0.00012131273570110263,0.007383865729104398,0.013090318260162097,-0.013706636257743304,-0.017488878099891005,-0.002592211941161604,-0.0036391995890911,-0.0074214414312388,0.0074752247274905
464,2021-07-02,-0.0002139028706757,0.0040999999999999,0.1074740598744897,0.0481475125770489,65.0999984741211,66.5999984741211,65.0999984741211,65.80000305175781,59.65616607666016,324223,0.0123077392578125,0.01230777018496,-0.0043139028706757,-0.0144891843329453,-0.0267969545179054,-0.0005949728306161,1.1295020383622556,0.0674223297784835,0.0164316047987429,-0.0036391995890911015,-0.026918267253606503,-0.019413088788801002,-0.023195330630948703,-0.008298664472219303,0.0026547357802207978,-0.0305791963600531,-0.0156825302013237,-0.0047291299488836
465,2021-07-05,0.0118112880402602,0.00395,0.0131894540356193,0.1494076834898515,66.0999984741211,68.30000305175781,66.0999984741211,68.0,61.65074920654297,732010,0.0334346025259555,0.0334346516220922,0.0078612880402601,0.0296524097799444,-0.0037822418421477,-0.0006116301055732,1.1282581488666084,0.0673658482193681,0.0164644281221346,-0.0305791963600531,-0.007421441431238802,-0.030700509095754204,-0.015803842937024803,-0.004850442684584703,0.003867109497462197,0.0111144243165817,0.0220678245690218,0.0307853767510687
466,2021-07-06,-0.0003493303375577,0.00395,0.0612974685029486,-0.0846244617541277,67.4000015258789,68.0,66.80000305175781,66.9000015258789,60.65345764160156,280081,-0.0161764481488396,-0.0161764711341994,-0.0042993303375577,-0.0012798049754699,0.0148966661587294,-0.0006155568192348,1.1300427338586772,0.0671959386134058,0.0163762063633821,0.0111144243165817,-0.0156825302013237,0.007475224727490599,0.0184286249799307,0.0271461771619776,0.008572661529346198,0.0258500664111695,0.0345676185932164,0.015994102960585
467,2021-07-07,-0.0034824213988302,0.00385,-0.0121677449438383,0.2040639167999585,66.9000015258789,67.5999984741211,66.0999984741211,66.19999694824219,60.01881408691406,295000,-0.0104634463627917,-0.0104634357110781,-0.0073324213988302,0.000489964541362,0.0109534002524401,-0.0006212905405725,1.1310119136941108,0.0670004051085072,0.016354065107099,0.0258500664111695,0.0220678245690218,-0.0047291299488836005,0.0039884222331633,-0.014585093399468101,-0.006624127640950401,0.019670952434487,0.0010974368018555,0.0090584025603733
468,2021-07-08,0.0008627336588561,0.00385,0.2128653361749441,-0.2240771509439638,66.5999984741211,66.5999984741211,66.0,66.0,59.83749008178711,153001,-0.0030211020764631,-0.0030211194253917,-0.0029872663411439,0.0056964327566552,0.0087175521820469,-0.0006202764180223,1.1311205781493163,0.0669974408736202,0.0163486270840799,0.019670952434487,0.0345676185932164,0.030785376751068703,0.012211861118437303,0.020172826876955003,0.008648042783591003,-0.0098559634505845,-0.0018949976920668,-0.0134197817854308
469,2021-07-09,-0.0114523869962277,0.00385,-0.0701812682303344,-0.0209462943435185,65.80000305175781,66.19999694824219,65.4000015258789,65.5999984741211,59.47483825683594,225000,-0.0060606291799834,-0.006060612242517,-0.0153023869962276,-0.0246341278751485,-0.0185735156326314,-0.0006181555715182,1.1230888643860772,0.0670270307796296,0.0170714604545634,-0.0098559634505845,0.0010974368018555995,0.015994102960585,0.0239550687191027,0.0124302846257387,0.0219246921345186,-0.0106125498741137,-0.0221373339674777,-0.0126429264586978
470,2021-07-12,0.0086544052547265,0.00385,-0.0893693573320307,0.2894936177986977,66.5,66.5999984741211,65.69999694824219,65.69999694824219,59.56549835205078,415001,0.0015243670190105,0.0015243437035228,0.0048044052547265,0.0094853094620405,0.0079609657585177,-0.000716163731413,1.1136530285895927,0.0666323588173661,0.017374416861162,-0.0106125498741137,-0.0018949976920668004,0.0090584025603733,-0.0024663815329907003,0.0070280259757892,0.009748522213522,-0.0035638183348463,0.0059305891739336,0.0086510854116664
471,2021-07-13,0.0018630761291301,0.00395,-0.3425693875822514,0.4746903690993969,66.0999984741211,68.4000015258789,66.0,66.80000305175781,60.56279754638672,739001,0.016742863844913,0.0167429002010792,-0.0020869238708699,0.0052181161077152,-0.011524784093364,-0.0007506986216156,1.110659384760856,0.0666536809872509,0.0174805012025837,-0.0035638183348463,-0.0221373339674777,-0.0134197817854308,-0.003925374276650901,-0.0012048780389181009,-0.0110871496203535,-0.0020303765845841,0.0006901196531486,-0.0091921519282867
472,2021-07-14,-9.914718103552991e-05,0.00395,-0.2207739951308779,0.2838520721933315,67.5,67.5999984741211,66.0999984741211,66.5,60.29080581665039,290003,-0.0044910634438948,-0.0044910694478405,-0.0040491471810355,0.0050033380609394,0.0094944075087799,-0.0007775653764038,1.1075638838919972,0.0666956373356398,0.0176139814642351,-0.0020303765845841003,0.0059305891739336,-0.0126429264586978,-0.009922430220965001,-0.0198047018024004,-0.0030702283313152993,0.0122149037465127,0.0023326321650773,0.0190671056361624
473,2021-07-15,0.0105593462378997,0.0039,0.0972190237797203,-0.1128385294948662,67.0,67.80000305175781,66.5999984741211,67.4000015258789,61.10676956176758,391001,0.0135338575320136,0.0135338006195937,0.0066593462378997,0.0162542968573265,0.0027204962377328,-0.0007937538643127,1.107536856891425,0.0668138066689867,0.0176310376825108,0.0122149037465127,0.0006901196531486995,0.0086510854116664,-0.0012311861697689996,0.015503287301316102,0.0326841243353517,-0.0071617753437026,0.0095726981273825,0.0267535351614181
474,2021-07-16,-0.0077042249936508,0.00385,0.4503334771871202,-0.5994725612200424,67.30000305175781,68.4000015258789,67.30000305175781,68.19999694824219,61.832069396972656,439002,0.0118693680156092,0.0118693860010377,-0.0115542249936507,0.0019871144196022,-0.0098822715814354,-0.0008008414224996,1.1066114994073872,0.0668379963190768,0.0176718385265881,-0.0071617753437026,0.0023326321650773,-0.0091921519282867,0.007542321542798401,0.024723158576834003,0.047135867567303,0.0068522018896497,0.0240330389236853,0.0464457479141543
475,2021-07-19,-0.0059233595507187,0.00385,0.2171998763927979,-0.2186155877792468,68.4000015258789,68.4000015258789,67.69999694824219,67.80000305175781,61.469425201416016,215000,-0.005865013407375,-0.0058649855826173,-0.0097733595507187,0.0108694878884677,0.0167344734710851,-0.0008391552805581,1.1024151132184845,0.0670567455774611,0.0179125469643561,0.006852201889649702,0.009572698127382501,0.0190671056361624,0.036247942670198,0.058660651660667,0.0367184480819501,0.0339153105051207,0.0563280194955897,0.0343858159168728
476,2021-07-20,-0.0146442242154672,0.00385,-0.1875251643192028,-0.0095278521733476,67.80000305175781,67.80000305175781,66.69999694824219,66.80000305175781,60.56279754638672,297000,-0.0147492618729915,-0.0147492456950518,-0.0184942242154672,0.0024315913389838,0.0171808370340356,-0.0008404445611572,1.1006034513099532,0.0672039812839966,0.0180199777494355,0.0339153105051207,0.0240330389236853,0.026753535161418103,0.0491662441518871,0.027224040573170197,-0.009981357134053202,0.0395935460245046,0.0176513424457877,-0.0195540552614357
477,2021-07-21,-0.0039906559706909,0.00385,-0.123214924775307,0.3280635345417524,67.80000305175781,67.80000305175781,65.80000305175781,66.0,59.83749008178711,256000,-0.011976093042061,-0.0119761222067734,-0.0078406559706909,0.0104365867836955,0.022412708990469,-0.0007666748608961,1.1088198672111578,0.0670423941140554,0.017745189576327,0.0395935460245046,0.0563280194955897,0.0464457479141543,0.024503544335437402,-0.012701853371785997,-0.017396097244012997,0.000470505411752,-0.0367348922954713,-0.0414291361676983
478,2021-07-22,0.0065033728982313,0.0039,-0.0564199881374161,0.2598559149469188,66.5999984741211,67.9000015258789,66.5999984741211,67.4000015258789,61.10676956176758,334023,0.0212121443314985,0.0212121109733312,0.0026033728982313,-0.0007300926053857,-0.0219422035787169,-0.0008151562463533,1.1054389350460512,0.0671034555235909,0.0179134977231816,0.00047050541175209723,0.0176513424457877,0.0343858159168728,-0.002819581790350599,-0.007513825662577599,0.0274456870626303,-0.0591476012859403,-0.0638418451581672,-0.0288823324329593
479,2021-07-23,3.3566621351727845e-05,0.00385,0.1181326817204631,-0.2845689540944618,67.5999984741211,69.0,67.5999984741211,68.5,62.10406112670898,569108,0.0163204517688139,0.0163204759815247,-0.0038164333786482,-0.0208849217256986,-0.0372053977072234,-0.0007952697930899,1.111216420853922,0.0668564132777458,0.0176205120877887,-0.0591476012859403,-0.036734892295471305,-0.0195540552614357,-0.0242482991336627,0.010711213591545199,0.0364429468535338,-0.0418996415794504,-0.0069401288542425,0.0187916044077461
480,2021-07-26,-0.0096375204435535,0.0038,0.1516880286952564,-0.0311206737448558,69.0,69.69999694824219,68.80000305175781,69.30000305175781,62.829368591308594,553280,0.0116788766679972,0.0116789055569135,-0.0134375204435535,0.0069846616846865,-0.004694243872227,-0.0008419027332435,1.106788060526278,0.0667890989771705,0.017806874261629,-0.0418996415794504,-0.06384184515816729,-0.041429136167698305,-0.006469623442490406,0.019262109819498194,0.0019012608063282942,0.0302652688529809,0.0559970021149694,0.0386361531017995
481,2021-07-27,-0.007681842223602,0.0039,-0.1570780027587317,0.0435441780556739,69.69999694824219,69.9000015258789,67.4000015258789,67.5999984741211,61.28809356689453,535000,-0.024531089506115,-0.0245311238831591,-0.011581842223602,0.0104283888420488,0.0349595127252079,-0.0008503247149828,1.101122680959977,0.0668427473375235,0.0179923808785321,0.0302652688529809,-0.0069401288542425,-0.028882332432959394,-0.0031505991709707935,-0.020511448184140694,0.0015692879133298067,0.0606912459871964,0.0433303969740265,0.0654111330714971
482,2021-07-28,-0.0077967259857955,0.00395,-0.0841129229464687,-0.1893283625466661,67.5999984741211,67.80000305175781,65.5,66.5,60.29080581665039,315001,-0.0162721671442374,-0.0162721287643843,-0.0117467259857955,0.0094596044976043,0.0257317332619886,-0.0008615757846501,1.100723640558959,0.0668604367813329,0.0179806016883581,0.060691245987196496,0.055997002114969496,0.0187916044077461,0.0014307553945762004,0.0235114914920467,0.0142246796322911,0.0083708842488187,0.0304516203462892,0.0211648084865336
483,2021-07-29,0.0156163640017311,0.0039,0.1098514184800144,0.1940749700964282,66.5999984741211,67.0,66.30000305175781,66.80000305175781,60.56279754638672,167001,0.0045113240865836,0.0045113301448229,0.0117163640017311,-0.0128495188683469,-0.0173608490131699,-0.0008729413929086,1.0900902805220465,0.0664647883287947,0.0184546889432426,0.0083708842488187,0.043330396974026596,0.038636153101799596,0.0607168891992701,0.0514300773395145,0.0341066111846874,0.0047198870843006,-0.004566924775455,-0.0218903909302821
484,2021-07-30,-0.0089296145703835,0.0039,-0.0585207507882029,-0.0522120994573822,66.9000015258789,67.19999694824219,66.5,66.5,60.29080581665039,232033,-0.0044910634438948,-0.0044910694478405,-0.0128296145703835,0.01758966664963,0.0220807360974705,-0.0008699653899142,1.088783386212553,0.0664004433093223,0.0185062599249642,0.0047198870843006,0.0304516203462892,0.0654111330714971,0.0561243212117415,0.0388008550569144,0.0488165822311667,0.0127939242377149,-0.0045295419171122,0.00548618525714
485,2021-08-02,0.014835220958219,0.0039,-0.1191675689194506,0.2553812253428938,66.69999694824219,67.0999984741211,66.4000015258789,67.0999984741211,60.83478164672852,394220,0.0090225334454299,0.0090225337463958,0.010935220958219,-0.0002642781133598,-0.0092868118597556,-0.0008776443258851,1.087746551057216,0.0664293271708349,0.0185519411319282,0.0127939242377149,-0.0045669247754550005,0.0211648084865336,0.0038413423317064967,0.013857069505958797,0.022520216542217097,-0.0266102780145827,-0.0165945508403304,-0.0079314038040721
486,2021-08-03,0.0028840577753342,0.00385,-0.0124453247159755,0.1440296094000902,63.79999923706055,64.5,63.09999847412109,63.29999923706055,60.54782485961914,277001,-0.0566318826151109,-0.0047169855688109,-0.0009659422246658,-0.0220404517236381,-0.0173234661548271,-0.0008687141632242,1.0884981669021112,0.0664856763380249,0.0185137559126312,-0.026610278014582704,-0.004529541917112202,-0.021890390930282104,-0.011874663756029804,-0.003211516719771504,-0.0359714472206947,-0.0073077389805748,0.0013554080556834,-0.0314045224452396
487,2021-08-04,0.0039952044639653,0.00375,-0.0039133940106762,0.0136905405260903,64.0,64.0,62.29999923706055,62.5,59.78260803222656,273003,-0.0126382187472787,-0.0126382215903997,0.0002452044639652,-0.0026224944161473,0.0100157271742523,-0.0008752492434666,1.0898661048928906,0.0662899041392634,0.0184478506045315,-0.007307738980574801,-0.016594550840330402,0.0054861852571400985,0.014149332293398398,-0.018610598207524802,0.018404561218411095,0.0186788742105106,-0.0140810562904125,0.0229341031355233
488,2021-08-05,-0.001178598120981,0.0038,-0.0699835415272416,0.0865610802493491,63.0,63.0,62.20000076293945,62.400001525878906,59.68695831298828,169004,-0.0015999755859375,-0.001599958957741,-0.004978598120981,0.0070631880785173,0.0086631470362583,-0.0008800912127373,1.083888272490081,0.0661227361141255,0.018570499335265,0.0186788742105106,0.0013554080556834984,-0.007931403804072102,-0.0406913343049953,-0.003676174879059406,0.03403318051608489,-0.0240967834646649,0.0129183759612709,0.0506277313564152
489,2021-08-06,-0.0043651266083103,0.0038,0.0666250012938771,-0.2322048555441859,62.400001525878906,62.400001525878906,62.09999847412109,62.09999847412109,59.39999771118164,223001,-0.0048077410965029,-0.0048077605211823,-0.0081651266083103,-0.0375676910221055,-0.0327599305009232,-0.0008666994707054,1.0874378856393694,0.066011036928319,0.0183962045835864,-0.0240967834646649,-0.014081056290412598,-0.031404522445239696,0.0056106369806962,0.0433199923758405,0.0636835307710107,0.0042552289250126,0.041964584320157,0.0623281227153272
490,2021-08-09,-0.0023466992368045,0.00395,-0.1473207559330268,0.0077221357444597,62.09999847412109,62.09999847412109,60.59999847412109,60.70000076293945,58.06087112426758,324010,-0.0225442471108121,-0.0225442195035974,-0.0062966992368045,0.0144709399223384,0.0370151594259359,-0.0008512152303461,1.0864441207622615,0.0660819713395406,0.0185136677766603,0.004255228925012698,0.012918375961270996,0.0229341031355233,0.0606434585306676,0.0810069969258378,0.0625907989161436,0.0747245148210802,0.0950880532162504,0.0766718552065562
491,2021-08-10,-0.0092369674847976,0.00395,-0.0030193059333451,-0.0401639269724764,60.70000076293945,60.70000076293945,59.09999847412109,59.20000076293945,56.6260871887207,358041,-0.0247116965592499,-0.0247117190590545,-0.0131869674847976,0.0129976363360897,0.0377093553951443,-0.0007690521528088,1.0962702620644924,0.0657644840936667,0.0180071439120763,0.0747245148210802,0.041964584320157,0.050627731356415295,0.0709912697515855,0.0525750717418913,0.0867606031685067,0.0580728937903144,0.0396566957806202,0.0738422272072357
492,2021-08-11,-0.005568167776512,0.00395,-0.2137198509064051,-0.0471297104661561,59.20000076293945,59.400001525878906,58.0,58.09999847412109,55.57391357421875,215002,-0.0185811195040893,-0.0185810757327328,-0.009518167776512,0.0017824626624374,0.0203635383951702,-0.0008086615795632,1.0854210967303406,0.0663766017345504,0.0185344251505668,0.058072893790314495,0.0950880532162504,0.0623281227153272,0.043911924705633,0.0780974561322484,0.0831723682058222,0.001947340385476,0.0361328718120914,0.0412077838856652
493,2021-08-12,-0.0004202797269394,0.0039,0.1541630770595259,-0.1282312748049149,58.20000076293945,58.59999847412109,58.09999847412109,58.29999923706055,55.76521682739258,169001,0.0034423540136328,0.0034423210616316,-0.0043202797269394,-0.0149738769480625,-0.0184161980096942,-0.0008137552390677,1.0862538988480686,0.0664505047329217,0.0185312622875855,0.0019473403854760006,0.039656695780620296,0.0766718552065562,0.1108573866331716,0.1159322987067454,0.1133770872738421,0.0157693334169212,0.020844245490495,0.0182890340575917
494,2021-08-13,-0.0138113190683629,0.0039,-0.1391975187587103,-0.2039946661220208,58.29999923706055,58.29999923706055,56.79999923706055,56.79999923706055,54.3304328918457,267001,-0.0257289883298398,-0.0257290120468444,-0.0177113190683629,0.008456519379771,0.0341855314266154,-0.0008045246486789,1.0870534897216642,0.0663751330846575,0.0184707565492108,0.015769333416921202,0.036132871812091405,0.0738422272072357,0.0789171392808095,0.0763619278479062,0.0588758891736686,0.0392604435001892,0.0367052320672859,0.0192191933930483
495,2021-08-16,-0.0072629283575085,0.00395,-0.2198888229155897,0.0580933245035796,56.59999847412109,56.70000076293945,55.5,55.59999847412109,53.18260955810547,229001,-0.0211267742791884,-0.0211267106232188,-0.0112129283575085,-0.0160517985496449,0.0050749120735738,-0.0008757163570659,1.079662867803461,0.0661809215123004,0.0185719191011258,0.0392604435001892,0.020844245490495003,0.041207783885665206,0.03865257245276191,0.02116653377852431,0.06987506530562551,0.0025197006406705,-0.0149663380335671,0.0337421934935341
496,2021-08-17,-0.011709642028386,0.00395,-0.0476746525500505,-0.0429314127488233,56.09999847412109,56.09999847412109,54.5,54.5,52.13043594360352,285446,-0.0197841457609587,-0.019784166727516,-0.015659642028386,-0.0223393781604193,-0.0025552114329033,-0.0008678699326204,1.0775283640645004,0.0661386481661763,0.0186074244785834,0.0025197006406705,0.0367052320672859,0.018289034057591705,0.0008029953833541062,0.04951152691045531,0.07265361005864761,-0.0200412501071408,0.0286672814199603,0.0518093645681526
497,2021-08-18,0.00989776119333,0.004,0.3026780871547472,-0.3032517957175049,54.5,56.0,53.70000076293945,55.900001525878906,53.46956634521485,193000,0.0256881013922735,0.0256880721860841,0.0058977611933299,0.0082020335118465,-0.0174860386742376,-0.0008813251587061,1.0758505284166744,0.0662121743794984,0.0186733061556656,-0.020041250107140897,-0.0149663380335671,0.019219193393048305,0.06792772492014951,0.0910698080683418,0.0636774583072817,0.0312224928528636,0.0543645760010559,0.0269722262399958
498,2021-08-19,-0.0267955496485801,0.0040999999999999,-0.0087067353807297,-0.422231465849013,55.900001525878906,55.900001525878906,54.29999923706055,54.29999923706055,51.93912887573242,102002,-0.0286225804140208,-0.0286225898972414,-0.0308955496485801,0.0200859416298598,0.0487085315271012,-0.0008906778713305,1.0764945990893815,0.0661621578744965,0.0186182832527765,0.031222492852863604,0.028667281419960305,0.033742193493534106,0.056884276641726406,0.029491926880666305,0.0497412843492398,0.0718506146752935,0.0444582649142333,0.0647076223828068
499,2021-08-20,-0.0020433064315579,0.0040999999999999,0.2211779390667141,-0.1667696395301727,54.5,54.5,53.20000076293945,53.20000076293945,50.88695907592773,227000,-0.0202577990713916,-0.0202577483022882,-0.0061433064315579,0.0028843348459041,0.0231420831481923,-0.0009472358362558,1.0709901291641004,0.0663714873751917,0.0188672303497768,0.0718506146752935,0.0543645760010559,0.051809364568152605,0.024417014807092505,0.044666372275666,0.0744447068248172,-0.0042502666128678,0.0159990908557056,0.0457774254048568
500,2021-08-23,0.024470742368882,0.0040999999999999,-0.047775437870162,0.4096095245004407,53.400001525878906,54.79999923706055,53.400001525878906,54.59999847412109,52.2260856628418,108075,0.0263157460733894,0.0263157125368009,0.020370742368882,-0.0010766372242591,-0.0273923497610601,-0.0009418285067157,1.0708183680566676,0.0663532001426945,0.0188706914092494,-0.004250266612867801,0.044458264914233395,0.026972226239995803,0.0472215837085693,0.0769999182577205,0.1122160235170169,-0.0071429922924866,0.0226353422566646,0.0578514475159609
501,2021-08-24,0.0045927225273693,0.00415,-0.1388896839157266,0.1531390449032698,55.0,55.29999923706055,54.0,54.09999847412109,51.747825622558594,147003,-0.0091575094134294,-0.0091574935056539,0.0004427225273692,0.0110918639629195,0.0202493574685735,-0.0009380459972984,1.0711619007809636,0.0663387993128983,0.0188498024666163,-0.007142992292486602,0.015999090855705698,0.06470762238280689,0.09448595693195809,0.1297020621912545,0.12686675527262428,0.0500276920177246,0.0852437972770211,0.0824084903583909
502,2021-08-25,0.0135045214424487,0.0042,-0.0352073263987848,0.3573301635159876,54.5,55.09999847412109,54.400001525878906,54.400001525878906,52.034786224365234,175000,0.0055453430724461,0.0055453654014314,0.0093045214424486,0.0353236999505827,0.0297783345491512,-0.0009680223721871,1.0687240200760222,0.0665983341167222,0.0190164586741156,0.050027692017724695,0.0226353422566646,0.045777425404856895,0.0809935306641533,0.0781582237455231,0.0824521502414526,0.0649944398084476,0.0621591328898174,0.0664530593857469
503,2021-08-26,0.0012379289325211,0.00415,-0.2045943861661581,0.1458754815496789,54.20000076293945,54.400001525878906,53.20000076293945,53.5,51.17391204833984,478002,-0.0165441452322526,-0.0165442051075881,-0.0029120710674789,0.0186719001517083,0.0352161052592964,-0.0009629258295746,1.0734415974929927,0.0664715564561762,0.018843073644154,0.0649944398084476,0.0852437972770211,0.057851447515960996,0.055016140597330794,0.059310067093260296,0.0797615480401285,0.0323807983406662,0.0366747248365957,0.0571262057834639
504,2021-08-27,0.0083769307566565,0.00415,-0.0484745573715525,0.1485208093123962,54.400001525878906,54.59999847412109,53.70000076293945,54.0,51.65217590332031,162001,0.0093457943925233,0.0093458529128807,0.0042269307566565,0.0065105459942504,-0.0028353069186302,-0.0009484171441195,1.0747782164692683,0.0663158463550452,0.0187440353329869,0.0323807983406662,0.0621591328898174,0.0824084903583909,0.0867024168543204,0.1071538978011886,0.0891132985944388,0.0014586195772993,0.0219101005241675,0.0038695013174177
505,2021-08-30,0.0108419875698577,0.0040999999999999,-0.0410580232529048,0.2360522781129948,55.09999847412109,55.09999847412109,54.0,54.70000076293945,52.321739196777344,76326,0.0129629770914713,0.0129629252155858,0.0067419875698577,0.0172568517115154,0.0042939264959295,-0.0009540482366513,1.0745367765511702,0.0662900080051608,0.018751486736886,0.0014586195772993,0.0366747248365957,0.0664530593857469,0.0869045403326151,0.0688639411258653,0.090803000958402,0.0247454074427977,0.0067048082360479,0.0286438680685846
506,2021-08-31,0.0053901316916615,0.00415,-0.1153762004472442,0.1864607830073344,54.70000076293945,54.70000076293945,53.900001525878906,54.09999847412109,51.747825622558594,358001,-0.0109689630795192,-0.0109689315192736,0.0012401316916615,0.0094825494275945,0.0204514809468682,-0.0009455882451924,1.074864248386437,0.0661896988298917,0.0186929179531313,0.0247454074427977,0.0219101005241675,0.057126205783463904,0.0390856065767141,0.061024666409250805,0.041510317745044205,0.0024108817401184,0.0243499415726551,0.0048355929084485
507,2021-09-01,-0.0009318787166271,0.00415,0.0554033448695906,0.104901325166415,54.20000076293945,54.900001525878906,54.09999847412109,54.5,52.13043594360352,227021,0.0073937437552839,0.0073937468181877,-0.0050818787166271,-0.0106468523885621,-0.0180405992067498,-0.0009433711043746,1.0748203123460276,0.0661560709574676,0.0186840256407034,0.0024108817401184007,0.0067048082360479,0.0038695013174177006,0.0258085611499544,0.0062942124857478,0.0300025114261528,0.0038984606257869,-0.0156158880384197,0.0080924109019853
508,2021-09-02,-0.0088262879102791,0.00415,-0.0242179400092838,-0.1229568127549391,54.29999923706055,54.5,53.900001525878906,54.0,51.65217590332031,267000,-0.0091743119266055,-0.0091742958144568,-0.0129762879102791,0.0127647640180798,0.0219390598325367,-0.0009420586581542,1.07566769798542,0.0661432802103984,0.0186558420566401,0.003898460625786901,0.0243499415726551,0.0286438680685846,0.009129519404377999,0.032837818344783,0.052712319720986195,0.00242471116833,0.0261330101087351,0.0460075114849383
509,2021-09-03,0.0113835387394523,0.00415,-0.1957169155524447,0.3437484451016023,54.09999847412109,54.20000076293945,53.70000076293945,53.900001525878906,51.556522369384766,207002,-0.001851823594835,-0.0018518781108967,0.0072335387394523,-0.0213662267751033,-0.0195143486642066,-0.000929558614091,1.0773625307959471,0.0661289574176201,0.0185853168064709,0.0024247111683300994,-0.0156158880384197,0.0048355929084485,0.0285438918488535,0.0484183932250567,0.0575743577084634,0.0041939502761983,0.0240684516524016,0.0332244161358083
510,2021-09-06,-0.0012341861880639,0.00425,-0.277301770392302,0.2615557099520484,53.900001525878906,53.900001525878906,52.09999847412109,52.20000076293945,49.93043518066406,473057,-0.0315399019445896,-0.0315398928009602,-0.0054841861880639,-0.0078315938605552,0.023708298940405,-0.0009334996057955,1.0731078671413428,0.0660954828913174,0.0186235798392584,0.004193950276198399,0.0261330101087351,0.0080924109019853,0.0279669122781885,0.0371228767615952,0.0220761915214452,0.0435828003166082,0.0527387648000149,0.0376920795598649
511,2021-09-07,-0.00379711337665,0.0042,0.1423393547769015,-0.2559480700706272,52.0,52.5,51.70000076293945,52.0,49.73913192749024,235001,-0.0038314321842203,-0.0038313956704287,-0.00799711337665,0.0160431057057744,0.0198745013762032,-0.0009656463454688,1.075238442493274,0.0654795206370859,0.0184608862965969,0.0435828003166082,0.0240684516524016,0.0460075114849383,0.055163475968345,0.040116790728195,0.039648050358048095,0.0290304658596099,0.0139837806194599,0.013515040249313
512,2021-09-08,-0.0090871590676433,0.00415,-0.0941305357810666,-0.0986522462277447,51.70000076293945,52.0,50.70000076293945,50.70000076293945,48.49565505981445,355040,-0.0249999853280874,-0.0249999712397178,-0.0132371590676432,-0.0158440067563111,0.0091559644834067,-0.0009806100769578,1.0732771711172,0.0655194302969055,0.0185134713492581,0.0290304658596099,0.0527387648000149,0.0332244161358083,0.0181777308956583,0.0177089905255114,0.015055279857843199,-0.0058907207567433,-0.0063594611268902,-0.0090131717945584
513,2021-09-09,0.0019594026162989,0.0040999999999999,0.0882813133585581,0.0348261922499798,50.70000076293945,51.29999923706055,50.70000076293945,51.20000076293945,48.973915100097656,152001,0.0098619327904525,0.0098619152518575,-0.002140597383701,-0.0051847699882925,-0.01504668524015,-0.0010008049044425,1.0715212993448673,0.0656571793572218,0.0185990616674533,-0.0058907207567433,0.0139837806194599,0.0376920795598649,0.037223339189718,0.0345696285220498,0.0634906452782948,-0.0155154256102969,-0.018169136277965,0.0107518804782799
514,2021-09-10,0.0098380135842534,0.00405,0.0826581534497834,0.1237918252824273,51.400001525878906,51.79999923706055,51.09999847412109,51.09999847412109,48.87826156616211,143002,-0.001953169674379,-0.0019531526883248,0.0057880135842534,-0.0024218930584717,-0.0004687403701469,-0.0010191136157283,1.0710606635547846,0.0655680349915564,0.0185106660107451,-0.0155154256102969,-0.0063594611268902,0.013515040249313,0.0108613295816448,0.0397823463378898,0.0446652304496278,-0.0031224510378151,0.0257985657184299,0.0306814498301679
515,2021-09-13,-0.0016171937346456,0.0040999999999999,0.1287582026647288,-0.1678336833635638,51.0,51.900001525878906,50.900001525878906,51.400001525878906,49.16521835327149,126000,0.0058709013838766,0.0058708468328185,-0.0057171937346455,0.0032171361651502,-0.0026537106676682,-0.0010359854931897,1.069762225768801,0.0657285795458725,0.0185917134061058,-0.0031224510378151,-0.018169136277965098,-0.0090131717945584,0.0199078449616866,0.024790729073424597,0.0381837641724068,0.0262673060885768,0.0311501902003148,0.044543225299297
516,2021-09-14,-0.0006540154274649,0.00415,0.0046471838640866,0.0813443558000714,51.20000076293945,51.29999923706055,50.09999847412109,50.29999923706055,48.11304473876953,345012,-0.0214008221043442,-0.0214007717191792,-0.0048040154274649,0.0075202450370658,0.028921016756245,-0.0010290260207691,1.0704370391243616,0.0657028408156783,0.0185665826743401,0.026267306088576803,0.0257985657184299,0.010751880478279904,0.015634764590017905,0.029027799689000107,0.03202473889484161,0.033803900867983,0.0471969359669652,0.0501938751728067
517,2021-09-15,-0.0046401406840558,0.00405,0.0832251412373015,-0.2169354772972213,51.09999847412109,51.70000076293945,50.5,51.0,48.78260803222656,93066,0.0139165163729008,0.0139164606416499,-0.0086901406840558,0.018799344753388,0.004882884111738,-0.0010264203546698,1.0706536175774417,0.0656985539115654,0.0185621210554471,0.033803900867983,0.0311501902003148,0.0306814498301679,0.0440744849291501,0.0470714241349916,0.0723482843893567,0.0182759192107202,0.0212728584165617,0.0465497186709268
518,2021-09-16,-0.0043391022963005,0.00405,0.0790304164949682,-0.1359947530026623,51.0,51.400001525878906,50.29999923706055,50.29999923706055,48.11304473876953,241000,-0.0137255051556755,-0.0137254509438016,-0.0083891022963005,-0.0003324158448193,0.0133930350989822,-0.0010544995291081,1.068702064596569,0.0658509361840992,0.0186409968973925,0.0182759192107202,0.047196935966965205,0.044543225299297,0.0475401645051385,0.0728170247595036,0.08088627325435921,0.0163899743048237,0.0416668345591888,0.0497360830540444
519,2021-09-17,-0.0001105497714739,0.00405,0.110144803623228,0.0072847067824768,50.5,50.59999847412109,50.0,50.400001525878906,48.20869827270508,167701,0.0019881171040789,0.0019880997857213,-0.0041605497714739,0.0049850389915629,0.0029969392058415,-0.001057154762992,1.0671416237906295,0.0659463061518838,0.0187274427740528,0.0163899743048237,0.0212728584165617,0.050193875172806705,0.07547073542717181,0.08353998392202741,0.10783999475714741,0.0282737994602066,0.0363430479550622,0.0606430587901822
520,2021-09-22,-0.0203144663473256,0.0040999999999999,0.0759895801403334,-0.4161265077051996,49.75,49.75,49.34999847412109,49.400001525878906,47.252174377441406,191100,-0.0198412692405679,-0.0198413134877205,-0.0244144663473255,0.0054355467666446,0.0252768602543651,-0.0010501039702571,1.0667091792251775,0.0659146488130101,0.0187147816692331,0.0282737994602066,0.0416668345591888,0.046549718670926804,0.054618967165782406,0.0789189780009024,0.0910133515613584,0.0333461087492207,0.0576461195843406,0.0697404931447966
521,2021-09-23,0.0090040179921117,0.004,0.1455001098574883,0.1626272950226433,49.5,49.95000076293945,48.5,48.900001525878906,46.7739143371582,331000,-0.0101214571772445,-0.0101214398402695,0.0050040179921117,-0.0020521913454139,0.0080692484948556,-0.0010692720242438,1.0648679524401126,0.0660463748190073,0.0187800127461881,0.0333461087492207,0.0363430479550622,0.0497360830540444,0.0740360938891644,0.08613046744962041,0.09526462552088981,0.0323692593299756,0.0444636328904316,0.053597790961701
522,2021-09-24,0.0106550180585676,0.00415,-0.1363083759823677,0.2278072843037908,49.400001525878906,49.400001525878906,48.09999847412109,48.34999847412109,46.247825622558594,453005,-0.0112475058199484,-0.0112474810384144,0.0065050180585675,0.0130525297967055,0.02430001083512,-0.0010856902617183,1.066333925428463,0.0663588333858004,0.0187691227338626,0.0323692593299756,0.057646119584340696,0.0606430587901822,0.0727374323506382,0.0818715904219076,0.1040751322456042,0.036394384395576,0.0455285424668454,0.067732084290542
523,2021-09-27,0.0031042578223438,0.00445,-0.1386157966777616,0.0388408547451357,48.34999847412109,48.34999847412109,47.5,47.59999847412109,45.53043365478516,572221,-0.0155118929404192,-0.0155119069516536,-0.0013457421776562,-0.0034175333911975,0.012094373560456,-0.001094653979132,1.0656476449697532,0.0663644989599266,0.0188094002784971,0.036394384395576004,0.0444636328904316,0.06974049314479669,0.07887465121606609,0.10107819303976269,0.0829208999599935,0.0212285316317254,0.043432073455422,0.0252747803756528
524,2021-09-28,-0.0076430541532942,0.0044,0.0223461216748008,-0.1731757900498066,47.20000076293945,47.95000076293945,47.150001525878906,47.25,45.19565200805664,494060,-0.0073529093558979,-0.0073529202306057,-0.0120430541532942,0.0017812378406637,0.0091341580712694,-0.0011046125229332,1.0656912123143971,0.066455141443154,0.0188521548331804,0.0212285316317254,0.0455285424668454,0.053597790961701,0.07580133278539761,0.05764403970562841,0.09909149555476221,0.031337699894966,0.0131804068151968,0.0546278626643306
525,2021-09-29,-0.0189727127645123,0.0044,0.0560181995262772,-0.4743674780730249,47.45000076293945,47.5,45.70000076293945,45.95000076293945,43.95217514038086,689251,-0.0275132113663607,-0.0275131967883573,-0.0233727127645123,-0.0053096549646607,0.0222035418236966,-0.0011018639170745,1.065488651551609,0.0664909734794802,0.0188704614532513,0.031337699894966,0.043432073455422,0.067732084290542,0.04957479121077281,0.09102224705990661,0.1323353591412711,0.0040462487439274,0.0454937045930612,0.0868068166744256
526,2021-09-30,0.0047052165493471,0.0044,0.1442630311604737,-0.0146591962420214,46.59999847412109,47.29999923706055,45.84999847412109,47.09999847412109,45.05217361450195,387001,0.0250271532554393,0.0250271680663758,0.000305216549347,0.0068698749866066,-0.0181572930797692,-0.0011479154958141,1.061923757254752,0.0663585183838593,0.0189078360830951,0.004046248743927401,0.013180406815196801,0.0252747803756528,0.0667222362247866,0.1080353483061511,0.1028830781478676,0.0232901627693646,0.0646032748507291,0.0594510046924456
527,2021-10-01,-0.0214870893624225,0.00435,-0.2133911139929695,-0.2284032035167488,47.29999923706055,47.29999923706055,45.0,45.09999847412109,43.13912963867188,445001,-0.0424628463862667,-0.0424628563362873,-0.0258370893624225,-0.0010154004871534,0.0414474558491338,-0.0011389414453668,1.062493425371196,0.0663666828714224,0.0188788038193544,0.0232901627693646,0.0454937045930612,0.054627862664330604,0.0959409747456951,0.0907887045874116,0.1231819812103678,0.0827605679304983,0.0776082977722148,0.110001574395171
528,2021-10-04,-0.0098088279805419,0.0043,-0.135535259142836,-0.0268920610785173,45.29999923706055,45.29999923706055,44.09999847412109,44.09999847412109,42.18260955810547,203021,-0.0221729497523999,-0.022172910964549,-0.0141088279805419,0.0191402011168154,0.0413131120813645,-0.0011489426959522,1.0664092592647292,0.0661688497307605,0.0186700320795527,0.0827605679304983,0.0646032748507291,0.08680681667442569,0.08165454651614219,0.11404782313909839,0.07100231673426419,0.036160841923081,0.0685541185460372,0.025508612141203
529,2021-10-05,0.0031935198769205,0.0043,0.0943746286421693,-0.0024484545077548,43.59999847412109,44.900001525878906,42.75,44.900001525878906,42.94782638549805,147000,0.018140659397693,0.0181405758299166,-0.0011064801230795,0.0129883056716331,-0.0051522701582835,-0.0010959399326921,1.0702576212604409,0.066043302300511,0.0184187020204441,0.036160841923081,0.0776082977722148,0.0594510046924456,0.0918442813154018,0.048798774910567604,0.056279318266738605,0.0272410064646727,-0.0158044999401614,-0.0083239565839904
530,2021-10-06,-0.0041061217593366,0.00435,-0.1937728567968893,-0.0263918978545796,45.09999847412109,45.45000076293945,44.0,44.0,42.08695602416992,243000,-0.0200445767325904,-0.0200445618272037,-0.0084561217593366,0.0123487147957525,0.0323932766229562,-0.001113586175411,1.0701108736460154,0.0660154135395811,0.0184469942971726,0.0272410064646727,0.0685541185460372,0.110001574395171,0.06695606799033679,0.0744366113465078,0.11966046637234759,-0.0106522297818779,-0.0031716864257069,0.0420521686001328
531,2021-10-07,0.0195629894232279,0.00445,0.0977008991161491,0.3815064938421867,44.20000076293945,46.0,44.20000076293945,46.0,44.0,153000,0.0454545454545454,0.0454545578143366,0.0151129894232279,0.0024090514095023,-0.0430455064048342,-0.0011154692072214,1.070800888169384,0.0659429252126692,0.0184030935675901,-0.010652229781877999,-0.015804499940161497,0.025508612141203,0.032989155497374,0.0782130105232138,0.10052148071510991,-0.0355649630486631,0.0096588919771766,0.0319673621690727
532,2021-10-08,-0.0043933412297242,0.0046,0.0654496202335128,-0.0850233122319287,45.95000076293945,46.5,45.400001525878906,45.84999847412109,43.85652160644531,126068,-0.0032609027364979,-0.0032608725807883,-0.0089933412297242,0.0042196707753827,0.007480543356171,-0.0011116505956885,1.0694908881471734,0.0659416460038282,0.0183944301777308,-0.035564963048663197,-0.003171686425706999,-0.008323956583990497,0.03689989844184931,0.05920836863374541,0.04729878281776831,0.0527043983820108,0.0750128685739069,0.0631032827579298
533,2021-10-12,-0.0106721909881571,0.00475,-0.1038818192660906,0.0212820540583374,45.650001525878906,45.650001525878906,44.79999923706055,44.84999847412109,42.89999771118164,117001,-0.0218102515437252,-0.0218103000472134,-0.0154221909881571,0.0234135549786264,0.0452238550258398,-0.001133855541828,1.072658659133845,0.0651383630091751,0.0179548509910515,0.052704398382010804,0.009658891977176606,0.042052168600132805,0.06436063879202891,0.052451052976051814,0.03398323714186871,0.0675323252177359,0.0556227394017588,0.0371549235675757
534,2021-10-13,-0.006976293911928,0.00465,0.01647230766105,-0.1813989145506583,45.0,45.0,44.20000076293945,44.45000076293945,42.517391204833984,112000,-0.0089185668849563,-0.0089185670573574,-0.011626293911928,0.0133899031345386,0.0223084701918961,-0.0011972785424417,1.0655732937311555,0.0655215288142923,0.0182452522407418,0.0675323252177359,0.0750128685739069,0.031967362169072706,0.020057776353095608,0.001589960518912508,-0.02527565087700179,0.010398884375919,-0.0080689314582641,-0.0349345428541784
535,2021-10-14,0.0024032961811652,0.00465,0.0988935664566897,-0.0671626652728535,44.54999923706055,45.09999847412109,44.0,44.75,42.80434799194336,118000,0.0067491390756212,0.006749162612704,-0.0022467038188348,-0.005160423203273,-0.0119095858159771,-0.0012343432873776,1.0615111082454396,0.0658035923460156,0.0184655559848755,0.010398884375919,0.055622739401758804,0.0631032827579298,0.0446354669237467,0.017769855527832404,-0.0545642098289669,-0.0303774016501602,-0.0572430130460745,-0.1295770784028738
536,2021-10-15,0.0240375567605732,0.0047,-0.349830330686982,0.7757043614245362,45.0,45.79999923706055,44.95000076293945,45.75,43.76087188720703,109000,0.0223463687150838,0.0223464190003246,0.0193375567605732,0.0038786031661415,-0.0184678158341831,-0.0012273907265556,1.0615546852873294,0.0657826207982633,0.0184420789543578,-0.030377401650160202,-0.0080689314582641,0.0371549235675757,0.010289312171661402,-0.0620447531851379,-0.034962160877043,-0.0453334272300973,-0.1176674925868967,-0.0905849002788018
537,2021-10-18,-0.0045127025016035,0.00495,0.1197372161141309,-0.1644084964142559,46.5,46.70000076293945,46.0,46.34999847412109,44.33478164672852,160001,0.0131147207458162,0.0131146783592597,-0.0094627025016035,-0.0137509330366546,-0.0268656113959143,-0.0012291234498001,1.0615195174377217,0.0657938682517784,0.0184544760842818,-0.045333427230097395,-0.0572430130460745,-0.0349345428541784,-0.1072686082109777,-0.0801860159028828,-0.050330689813877595,-0.0991996767527136,-0.0721170844446187,-0.0422617583556135
538,2021-10-19,0.0116853396087263,0.00485,-0.0342122757429328,0.4935847139962201,46.54999923706055,50.0,46.54999923706055,49.45000076293945,47.30000305175781,683438,0.0668824679799979,0.0668825083803721,0.0068353396087263,-0.0054515569764272,-0.0723340653567993,-0.0012057205136175,1.0625661848257346,0.0659462527112763,0.0184605891260692,-0.0991996767527136,-0.1176674925868967,-0.1295770784028738,-0.1024944860947789,-0.0726391600057737,-0.050409955370269294,-0.0452514730487044,-0.0153961469596992,0.0068330576758052
539,2021-10-20,-0.0007603017770537,0.0048,0.0711851574328496,-0.038447565668055,49.5,49.5,48.5,48.900001525878906,46.7739143371582,418004,-0.0111223302037387,-0.0111223822549004,-0.0055603017770536,0.0159602100531944,0.0270825923080949,-0.0012055978399649,1.0625418381817875,0.0659425212147516,0.0184595053613898,-0.0452514730487044,-0.0721170844446187,-0.0905849002788018,-0.0607295741897966,-0.038500369554292195,-0.030182373908586996,0.0569379183971001,0.0791671230326045,0.0874851186783097
540,2021-10-21,0.0001000397383284,0.00513,0.0408558450588898,-0.0928933568770046,49.0,49.5,48.45000076293945,48.45000076293945,46.34347915649414,646002,-0.0092024693026093,-0.0092024622434072,-0.0050299602616716,0.020652863845598,0.0298553260890052,-0.0012062404138537,1.0626796333897184,0.0659522669147639,0.0184591567677009,0.0569379183971001,-0.015396146959699201,-0.0422617583556135,-0.0200325537201091,-0.0117145580744039,-0.0168787306363887,0.0520845307245096,0.0604025263702148,0.05523835380823
541,2021-10-22,-4.55626753339056e-05,0.00513,-0.0368910640289201,0.1901805853897032,48.45000076293945,48.95000076293945,47.95000076293945,48.25,46.15217590332031,450001,-0.0041279826582054,-0.0041279432760719,-0.0051755626753339,0.0181012613594325,0.0222292046355044,-0.0011874947643979,1.0634116393460546,0.0660264416429632,0.0184538891191738,0.0520845307245096,0.07916712303260451,0.0068330576758052,0.0151510533215104,0.009986880759525599,-0.022228335088699702,0.0305472002812096,0.0253830277192248,-0.0068321881290005
542,2021-10-25,0.0003256607611742,0.00513,0.1476686854447718,-0.2042032038784932,48.25,48.34999847412109,47.5,48.25,46.15217590332031,169001,0.0,0.0,-0.0048043392388258,0.0083179956457052,0.0083179956457052,-0.0011906624381691,1.06312415876551,0.0660588113495334,0.0184745384730015,0.0305472002812096,0.0604025263702148,0.08748511867830971,0.08232094611632491,0.05010573026809961,0.0638596470030924,0.0031538230837203,-0.0290613927645049,-0.0153074760295121
543,2021-10-26,0.0082927440021799,0.00545,0.0243346241723186,0.2741234648870684,47.5,49.25,47.5,48.59999847412109,46.48695373535156,576000,0.0072538543859294,0.0072537821994036,0.0028427440021798,0.0020896096374188,-0.0051641725619848,-0.0011733837877969,1.063627522507621,0.0663482961091215,0.0186341425361328,0.0031538230837203996,0.0253830277192248,0.05523835380823,0.0230231379600047,0.0367770546949975,0.07090085285819811,-0.0373793884102101,-0.0236254716752173,0.0104983264879833
544,2021-10-27,0.0023605809129582,0.00535,0.0899025465410308,0.1332346418688107,49.25,49.75,48.59999847412109,49.45000076293945,47.30000305175781,400000,0.0174897595783048,0.0174898385692232,-0.0029894190870418,-0.014725377279002,-0.0322152158482253,-0.0011732837325556,1.0636119704456068,0.0663492669896372,0.0186346981501209,-0.0373793884102101,-0.029061392764504902,-0.006832188129000501,0.0069217286059923,0.0410455267691929,0.0371634906701217,-0.0184612991132325,0.0156624990499681,0.0117804629508969
545,2021-10-28,-0.0019280110087083,0.0055,0.1520588732159333,-0.0894685793453161,49.45000076293945,50.0,49.09999847412109,49.34999847412109,47.204345703125,231011,-0.0020222909459145,-0.0020223539632363,-0.0074280110087083,0.0117315627717564,0.0137539167349928,-0.0011712005292422,1.0647066185811205,0.06633995648127,0.0185970888731461,-0.0184612991132325,-0.0236254716752173,-0.015307476029512102,0.0188163221336885,0.0149342860346173,0.044329557787829404,0.0478777148981934,0.0439956787991222,0.0733909505523343
546,2021-10-29,-0.0031816616362847,0.0054,0.2124640032283732,-0.1526144673904556,49.5,49.5,48.79999923706055,48.79999923706055,46.678260803222656,178001,-0.0111448683701371,-0.011144840418104,-0.0085816616362847,0.0229789577450966,0.0341237981632006,-0.0011665581863092,1.0648692492436784,0.0663217280164175,0.0185771706735493,0.0478777148981934,0.015662499049968102,0.010498326487983302,0.006616290388912102,0.036011562142124205,0.030694962722343105,0.0302417620641294,0.0596370338173415,0.0543204343975604
547,2021-11-01,0.0047582343265704,0.00555,0.1231642579556061,0.2117674648328409,49.54999923706055,49.650001525878906,48.95000076293945,49.04999923706055,46.91739273071289,191000,0.0051229508997643,0.0051229828056003,-0.0007917656734296,0.001240946706529,-0.0038820360990712,-0.0011657220439422,1.0649264856118967,0.0663224827694278,0.0185749644131104,0.0302417620641294,0.0439956787991222,0.011780462950896901,0.041175734704109,0.0358591352843279,-0.0004934469489438001,0.0255132356541409,0.0201966362343598,-0.0161559459989119
548,2021-11-02,-0.0001329680868581,0.0056,-0.0775281012871597,-0.0459635645017503,49.75,49.75,48.09999847412109,48.25,46.15217590332031,179000,-0.0163098725688887,-0.0163098753544259,-0.0057329680868581,0.0130853963987861,0.0293952717532121,-0.0011492985334431,1.0664321547453044,0.0661863479692659,0.0185783183844383,0.0255132356541409,0.059637033817341506,0.0733909505523343,0.0680743511325532,0.031721768899281494,-0.012294540682508903,0.024078672333431,-0.0122739098998407,-0.0562902194816311
549,2021-11-03,0.0032924850336647,0.0054,0.096119664562504,-0.1588334725727097,49.150001525878906,49.150001525878906,48.59999847412109,48.59999847412109,46.48695373535156,107002,0.0072538543859294,0.0072537821994036,-0.0021075149663353,0.0019371827796224,-0.0053165994197811,-0.0011317153453293,1.0655082882209437,0.0663169890610915,0.0185984861023283,0.024078672333431,0.0201966362343598,0.05432043439756041,0.017967852164288707,-0.02604845741750169,-0.036267295064578486,-0.0416691816530528,-0.0856854912348432,-0.09590432888192
550,2021-11-04,-0.0025289321472789,0.00545,0.0828727614106438,-0.0563677187216827,49.0,49.400001525878906,48.5,48.79999923706055,46.678260803222656,187600,0.0041152421649961,0.0041152850961196,-0.0079789321472789,-0.0322372971371521,-0.0363525822332717,-0.0012047423176575,1.0421350303428922,0.0677943451885964,0.0202358857824072,-0.0416691816530528,-0.012273909899840701,-0.016155945998911903,-0.0601722555807023,-0.0703910932277791,-0.1091556748628857,-0.0803688918150621,-0.0905877294621389,-0.1293523110972455
551,2021-11-05,0.0127667200038058,0.0053,-0.1421958977492146,0.4063529121340999,49.0,49.29999923706055,48.95000076293945,48.95000076293945,46.821739196777344,131000,0.0030738018078694,0.0030737733387182,0.0074667200038058,-0.0409425362430721,-0.0440163095817904,-0.0012202514484085,1.0428294515049488,0.0676940660755452,0.0201976364968145,-0.0803688918150621,-0.0856854912348432,-0.0562902194816311,-0.0665090571287079,-0.1052736387638145,-0.0727962943990623,-0.0542351472288672,-0.0929997288639738,-0.0605223844992216
552,2021-11-08,0.0068451796536432,0.00525,-0.0112649790690669,-0.0477430754991021,49.29999923706055,49.29999923706055,48.79999923706055,48.95000076293945,46.821739196777344,85001,0.0,0.0,0.0015951796536431,-0.0102188376470768,-0.0102188376470768,-0.0012429229537142,1.041189113034891,0.0677478347192692,0.0202871265563442,-0.0542351472288672,-0.0905877294621389,-0.09590432888192,-0.13466891051702662,-0.10219156615227443,-0.09895050907535213,-0.0489834192821834,-0.0165060749174312,-0.0132650178405089
553,2021-11-09,0.0072383816583701,0.00545,-0.0392532497403184,0.3193962036782141,49.25,51.400001525878906,49.25,51.09999847412109,48.87826156616211,604068,0.0439223223221975,0.0439223831635522,0.00178838165837,0.0051578015284456,-0.0387645816351066,-0.0012396175989072,1.0427868905718007,0.067683799134717,0.0202038650009166,-0.0489834192821834,-0.0929997288639738,-0.1293523110972455,-0.0968749667324933,-0.093633909655571,-0.16078211219427652,-0.0062872372703544,-0.003046180193432,-0.0701943827321376
554,2021-11-10,0.0010427364968685,0.00535,0.0310853603952187,0.0428253004430433,51.0,51.5,50.20000076293945,50.900001525878906,48.68695831298828,405063,-0.0039138347204349,-0.003913871873591,-0.0043072635031315,0.0285634724911612,0.0324773443647522,-0.001253952060735,1.0415287518881349,0.0676880916001635,0.0202656453471864,-0.0062872372703544,-0.016506074917431203,-0.0605223844992216,-0.0572813274222993,-0.1244295299610048,-0.1854835768967886,0.0357184014416745,-0.031429801097031,-0.0924838480328148
555,2021-11-11,-0.0061009676725794,0.0054,0.1025412316296409,-0.031553012611945,50.79999923706055,51.79999923706055,50.59999847412109,51.0,48.78260803222656,254002,0.0019646065053701,0.0019645860524575,-0.0115009676725794,0.0052056431293798,0.0032410570769223,-0.0012525780461368,1.0434003729488937,0.0675376890699691,0.0201259273713599,0.0357184014416745,-0.0030461801934320997,-0.013265017840508903,-0.0804132203792144,-0.1414672673149982,-0.1425981309609912,-0.0639071454617832,-0.124961192397567,-0.12609205604356
556,2021-11-12,0.0037594186906663,0.00545,0.044333910650839,0.0083544536847762,51.29999923706055,51.70000076293945,51.09999847412109,51.400001525878906,49.16521835327149,211029,0.0078431671740962,0.0078431706806689,-0.0016905813093337,-0.0593050318580365,-0.0671482025387055,-0.0012588642079648,1.0404122669050246,0.0677518561310327,0.0203047991788296,-0.06390714546178321,-0.031429801097031,-0.0701943827321376,-0.13124842966792138,-0.13237929331391438,-0.13051956913629997,-0.1282022494744893,-0.1293331131204823,-0.1274733889428679
557,2021-11-15,0.0066411105547678,0.00555,0.0038566412905004,0.2543579011656552,51.70000076293945,51.70000076293945,50.5,51.09999847412109,48.87826156616211,156100,-0.005836635074938,-0.0058365811588079,0.0010911105547677,-0.0668906280945917,-0.0610540469357838,-0.0012611697703196,1.0418335293362613,0.0676110646991551,0.020229301674034,-0.1282022494744893,-0.124961192397567,-0.0924838480328148,-0.0936147116788078,-0.0917549875011934,-0.1553155924269359,-0.0621849105817767,-0.0603251864041623,-0.1238857913299049
558,2021-11-16,0.0033264483656776,0.0056,0.0450329871329612,0.0563740140673577,50.79999923706055,51.20000076293945,50.5,50.59999847412109,48.39999771118164,143000,-0.0097847361043115,-0.0097847967512733,-0.0022735516343224,-0.0109156603972663,-0.001130863645993,-0.0012637920735565,1.0459506590963583,0.0671611112540866,0.0200109055287036,-0.062184910581776796,-0.1293331131204823,-0.12609205604356,-0.1242323318659456,-0.1877929367916881,-0.1112924918750326,0.0007288605316214,-0.0628317443941211,0.0136687005225343
559,2021-11-17,0.0040076684951113,0.0056999999999999,0.0604574057395674,0.0652512664441433,50.70000076293945,51.400001525878906,50.59999847412109,51.09999847412109,48.87826156616211,148001,0.0098814232228825,0.0098814850743262,-0.0016923315048886,0.0117412092519407,0.0018597241776144,-0.0012455956149604,1.051589729256828,0.0667432123715303,0.019660501225134,0.0007288605316214001,-0.060325186404162394,-0.1274733889428679,-0.1910339938686104,-0.11453354895195489,-0.10818044696798158,-0.0617008807481281,0.0147995641685274,0.0211526661525007
560,2021-11-18,0.0043531810447458,0.00565,-0.0546521779028073,0.0285633948425265,51.09999847412109,52.0,51.09999847412109,51.59999847412109,49.35652160644531,101540,0.0097847361043115,0.0097847187064095,-0.0012968189552541,-0.053775886219333,-0.0635606049257425,-0.0012720855388521,1.04928736379572,0.0669186916720241,0.0198025037647412,-0.0617008807481281,-0.0628317443941211,-0.1238857913299049,-0.0473853464132494,-0.0410322444292761,-0.049337683638448405,0.0129398399909129,0.0192929419748862,0.0109875027657139
561,2021-11-19,-0.0012924228834823,0.0056999999999999,-0.0862961406820823,0.1476226581425738,51.59999847412109,51.70000076293945,51.20000076293945,51.29999923706055,49.06956481933594,122004,-0.0058139388746494,-0.0058139588806011,-0.0069924228834822,0.0706864860360544,0.0765004449166555,-0.0012642105417198,1.0501391198208017,0.0668975643304506,0.0197615238865963,0.012939839990912999,0.014799564168527402,0.013668700522534397,0.020021802506507695,0.011716363297335395,0.027287514330805295,0.0828535469006288,0.0745481076914565,0.0901192587249264
562,2021-11-22,-0.0008290058889781,0.0056,0.138744506746544,-0.1185321235376176,51.20000076293945,51.5,50.900001525878906,51.400001525878906,49.16521835327149,81010,0.0019493623841248,0.0019493454708174,-0.0064290058889781,0.0083024474547908,0.0063531019839733,-0.0012622438325024,1.0494677602473992,0.0669452778911216,0.019792229787626,0.08285354690062881,0.019292941974886298,0.0211526661525007,0.0128472269433284,0.0284183779767983,0.0416500015660106,-0.001952337225199,0.0136188138082709,0.0268504373974832
563,2021-11-23,-0.0077186856721341,0.00575,-0.0673015118439076,-0.1890319942273244,51.79999923706055,51.79999923706055,50.900001525878906,51.20000076293945,48.973915100097656,99000,-0.003891065311326,-0.0038910282427557,-0.0134686856721341,-0.0121964674519281,-0.0083054392091723,-0.0012726334893499,1.0492748373926135,0.0669672149424823,0.0197557685806782,-0.0019523372251990002,0.0745481076914565,0.010987502765713997,0.026558653799183898,0.039790277388396196,0.0668238568461778,0.0072657118242976,0.0204973354135099,0.0475309148712915
564,2021-11-24,-0.00133586834704,0.0056999999999999,0.1983162683906562,-0.2147085072449068,51.0,51.79999923706055,50.900001525878906,51.70000076293945,49.45217514038086,119011,0.0097656248544808,0.0097656076567635,-0.00703586834704,0.0253367586902335,0.0155711510334699,-0.0012911541771933,1.0470221686152383,0.0670604767358143,0.019863234350305,0.0072657118242976,0.0136188138082709,0.0901192587249264,0.1033508823141387,0.1303844617719203,0.15745272635050042,0.0288027746226822,0.0558363540804638,0.0829046186590439
565,2021-11-25,0.0006614657194698,0.0056999999999999,0.0270856496270963,-0.0006563042566479,51.70000076293945,52.5,51.5,52.0,49.73913192749024,137000,0.0058026930876874,0.0058027131525517,-0.0050385342805302,0.0190343367417641,0.0132316235892123,-0.0013052849376151,1.0367415560023714,0.0676291041896437,0.0205517599070864,0.0288027746226822,0.0204973354135099,0.0268504373974832,0.053884016855264796,0.08095228143384489,0.07468094433153279,0.0402652030469939,0.067333467625574,0.0610621305232619
566,2021-11-26,-0.0161320817860933,0.0055,-0.0776877088426362,-0.2030102122022345,51.5,51.79999923706055,50.79999923706055,51.20000076293945,48.973915100097656,145020,-0.0153846007127028,-0.0153846035855254,-0.0216320817860933,0.0116489758722562,0.0270335794577816,-0.0013108737069624,1.0373938157006182,0.067579999613288,0.0205137927681138,0.0402652030469939,0.0558363540804638,0.0475309148712915,0.0745991794498716,0.0683278423475595,0.0784718382339502,0.0541018440363617,0.0478305069340496,0.0579745028204403
567,2021-11-29,-0.002377791031457,0.0055,0.0059484899682072,0.0020104486984992,50.20000076293945,51.0,49.150001525878906,50.20000076293945,48.017391204833984,221003,-0.0195312497089617,-0.0195312932059573,-0.007877791031457,0.0075369713726227,0.0270682645785801,-0.0013153065880154,1.0356933426608812,0.0676716411745113,0.0205935231804053,0.0541018440363617,0.067333467625574,0.0829046186590439,0.0766332815567318,0.0867772774431225,0.1083399113204671,0.0207969274762679,0.0309409233626586,0.0525035572400033
568,2021-11-30,0.0057519278104937,0.0055,0.100550473948228,0.0860718976127307,50.400001525878906,51.0,50.400001525878906,50.79999923706055,48.591304779052734,70000,0.0119521606574167,0.0119522023129188,0.0002519278104936,0.0056808652106067,-0.0062713371023121,-0.0013105593488171,1.0359588477182298,0.067672338230696,0.0205843640883133,0.020796927476267997,0.0478305069340496,0.061062130523261905,0.0712061264096526,0.0927687602869972,0.09858515073988039,0.0038726587840786,0.0254352926614232,0.0312516831143064
569,2021-12-01,0.0090792202140689,0.00545,-0.0940243902443602,0.1404352296930765,50.5,51.5,50.400001525878906,51.400001525878906,49.16521835327149,134031,0.0118110688549112,0.0118110344397701,0.0036292202140688,0.0219550303261608,0.0101439958863907,-0.0013072976251106,1.0403264681266533,0.0673775585465197,0.0202831068853529,0.0038726587840786,0.030940923362658697,0.0579745028204403,0.07953713669778491,0.0853535271506681,0.0682658550210888,0.0317066297637353,0.0375230202166185,0.0204353480870391
570,2021-12-02,0.0078977995068206,0.0055,-0.2734480924052073,0.2857296071519944,51.5,51.59999847412109,51.0,51.0,48.78260803222656,84012,-0.007782130622652,-0.00778213407486,0.0023977995068205,0.0137804998024845,0.0215626338773446,-0.0013256604285568,1.0409855326714057,0.0672581056178643,0.0202164298041083,0.0317066297637353,0.0254352926614232,0.0525035572400033,0.0583199476928865,0.041232275563307205,0.037543477091658006,0.0273790243302278,0.0102913522006485,0.0066025537289993
571,2021-12-03,-0.0015650448990368,0.00555,0.1665332047431129,-0.1794215675987265,51.400001525878906,51.400001525878906,51.09999847412109,51.29999923706055,49.06956481933594,64000,0.0058823379815793,0.0058823584610279,-0.0071150448990368,0.0116987489139111,0.0058163904528832,-0.001323734835209,1.0408707103496524,0.0672773267977673,0.0202274350201705,0.027379024330227802,0.0375230202166185,0.0312516831143064,0.0141640109847271,0.0104752125130779,-0.014003098111051299,-0.0112712816766961,-0.0149600801483452,-0.0394383907724745
572,2021-12-06,-0.0005045836324194,0.00565,0.138087187459981,-0.2388049771135012,51.29999923706055,52.29999923706055,51.20000076293945,52.09999847412109,49.83478164672852,231001,0.0155945272701408,0.0155945305447471,-0.0061545836324194,-0.0014931415848322,-0.0170876721295793,-0.0012929923399323,1.0437382186110873,0.0671192707296741,0.0200846580847939,-0.0112712816766961,0.010291352200648501,0.020435348087039198,0.01674654961539,-0.0077317610087392005,-0.0012759308591756002,-0.0207764706012285,-0.0452547812253577,-0.0387989510757941
573,2021-12-07,0.0061458439612188,0.0055,-0.0319150163839127,0.1059052250022568,52.79999923706055,53.5,52.5,52.900001525878906,50.60000228881836,174358,0.0153551453970807,0.0153551519000199,0.0006458439612187,0.0116663534283706,-0.0036887984716492,-0.0012929779121687,1.0437653286471,0.0671188355407614,0.0200834562854972,-0.0207764706012285,-0.014960080148345298,0.006602553728999302,-0.017875756895129897,-0.011419926745566297,-0.0340112810439426,-0.0281671090957784,-0.0217112789462147,-0.0443026332445911
574,2021-12-08,0.001994727186268,0.00555,0.1677820820400316,0.0320572542637213,53.0,53.59999847412109,52.900001525878906,53.59999847412109,51.26956558227539,217313,0.0132324561068253,0.0132324755567252,-0.003555272813732,-0.011245835067404,-0.0244783106241292,-0.0012962088483571,1.0438527828674995,0.0670895539053503,0.0200781800020973,-0.0281671090957784,-0.0452547812253577,-0.0394383907724745,-0.0329825606229109,-0.0555739149212872,-0.1163663233335316,-0.0180224804745656,-0.0406138347729419,-0.1014062431851862
575,2021-12-09,0.0045814992641452,0.00565,-0.0466869464390236,0.1026585861973563,54.09999847412109,54.09999847412109,53.20000076293945,53.20000076293945,50.88695907592773,63329,-0.0074626440777748,-0.0074626438122178,-0.0010685007358547,-0.0010068136626542,0.0064558301495636,-0.0012610355865061,1.045919111720956,0.0668062039275252,0.0198653949319869,-0.0180224804745656,-0.021711278946214798,-0.0387989510757941,-0.061390305374170395,-0.12218271378641479,-0.08162526166112789,-0.0161355241488127,-0.0769279325610571,-0.0363704804357701
576,2021-12-10,-0.0049044764250091,0.0056,0.0192244977840591,-0.0618731641509193,54.0,54.79999923706055,53.20000076293945,54.70000076293945,52.321739196777344,417125,0.0281954883174539,0.0281954384169194,-0.0105044764250091,0.005604084118543,-0.0225913542983763,-0.0012545501927001,1.0461132314835062,0.0668487475498473,0.0198566406669295,-0.0161355241488127,-0.0406138347729419,-0.0443026332445911,-0.1050950416568355,-0.0645375895315486,-0.0640946498958049,-0.0833837627106207,-0.0428263105853338,-0.0423833709495901
577,2021-12-13,-0.0032906597918603,0.00565,0.0709109896324256,-0.097373472336982,54.70000076293945,57.79999923706055,54.20000076293945,57.59999847412109,55.09564971923828,670296,0.0530164107995124,0.0530164051318804,-0.0089406597918603,-0.0077760032803639,-0.0607924084122444,-0.0012482425772461,1.0459989765081272,0.0668624424020138,0.0198619661657408,-0.0833837627106207,-0.0769279325610571,-0.10140624318518629,-0.06084879105989939,-0.06040585142415569,-0.04710011080656099,-0.0202349562869574,-0.0197920166512137,-0.006486276033619
578,2021-12-14,-0.0094683847254884,0.00565,-0.1497331084273198,-0.0389552526683872,57.400001525878906,57.59999847412109,55.79999923706055,55.79999923706055,53.3739128112793,781004,-0.0312499875823653,-0.0312499610537815,-0.0151183847254884,0.0093074910715054,0.0405574521252869,-0.0012461643942651,1.0426264995031462,0.0667746444441987,0.0198896222369282,-0.020234956286957498,-0.0428263105853338,-0.036370480435770194,-0.0359275408000265,-0.022621800182431796,0.011288182912839902,0.0410003917610306,0.0543061323786253,0.0882161154738969
579,2021-12-15,0.0034507185038703,0.00565,0.0915532508440824,-0.0225726303788809,55.79999923706055,57.0,55.79999923706055,55.900001525878906,53.46956634521485,583035,0.0017921557380943,0.0017921401841713,-0.0021992814961297,0.0022350798199151,0.0004429396357437,-0.0012556788643816,1.0450925514876896,0.0666926596164381,0.019792900778903,0.0410003917610306,-0.019792016651213797,-0.042383370949590105,-0.029077630331995404,0.004832352763276294,0.024363191153818194,0.0137486802533384,0.04765866334861,0.067189501739152
580,2021-12-16,0.0071143780487683,0.00565,0.0173137854396948,0.2527135070464603,56.5,56.900001525878906,55.70000076293945,56.0,53.565216064453125,248000,0.001788881420241,0.0017888628200335,0.0014643780487683,0.0150946034376282,0.0133057406175947,-0.0012564939538776,1.045169545098285,0.0666772799379978,0.0197845254892845,0.0137486802533384,0.0543061323786253,-0.006486276033619098,0.027423707061652598,0.0469545454521945,0.038552768986265196,0.0472157237128664,0.0667465621034082,0.0583447856374789
581,2021-12-17,0.0015096143888971,0.00565,-0.0449430487180478,-0.0035600938933776,56.0,56.0,53.900001525878906,53.900001525878906,51.556522369384766,297010,-0.0374999727521623,-0.0374999643920295,-0.0041403856111029,-0.0035899812967577,0.0339099830952717,-0.0012308832070295,1.0479128753625573,0.0665368262734227,0.0196663305975711,0.0472157237128664,0.047658663348610096,0.08821611547389699,0.10774695386443889,0.0993451773985096,0.10093366551022839,0.0534408214858136,0.0450390450198842,0.046627533131603
582,2021-12-20,-0.0080550032313433,0.0059499999999999,0.122858165055577,-0.2882239165573487,53.79999923706055,54.5,53.400001525878906,53.59999847412109,51.26956558227539,148001,-0.0055659191700351,-0.0055658677878509,-0.0140050032313433,0.0139649706026909,0.0195308383905419,-0.001237045945466,1.0473225133534765,0.0665983219967187,0.019695925762131,0.0534408214858136,0.06674656210340829,0.067189501739152,0.0587877252732227,0.0603762133849415,0.0580420651399851,0.0111290619246126,0.0127175500363313,0.0103834017913749
583,2021-12-21,0.0068005779861216,0.00615,0.0797690576098238,0.0772929378356625,53.59999847412109,54.5,53.59999847412109,54.20000076293945,51.84347915649414,60000,0.0111940728712529,0.0111940401230385,0.0006505779861215,0.0027922636571092,-0.0084017764659293,-0.0012347316296282,1.047357349322695,0.066613160899141,0.0196941108675794,0.0111290619246126,0.045039045019884295,0.05834478563747899,0.05993327374919779,0.057599125504241386,0.06742358895079399,-0.0068132883542105,-0.0091474365991669,0.0006770268473857
584,2021-12-22,0.0021114159189627,0.0063,-0.0024687525835274,0.1346431671539118,54.70000076293945,54.79999923706055,54.09999847412109,54.09999847412109,51.747825622558594,156000,-0.0018450606533337,-0.0018450446515522,-0.0041885840810373,-0.0002565565398333,0.0015884881117188,-0.0011940248587372,1.0511077582366737,0.0665592955449871,0.0194942545386515,-0.0068132883542105,0.012717550036331399,0.046627533131603095,0.04429338488664669,0.05411784833319929,0.05433411506774879,-0.0007456601332376,0.009078803313315,0.0092950700478645
585,2021-12-23,0.0067218948966166,0.00635,-0.0523655402694599,0.2388445301027247,54.09999847412109,54.70000076293945,54.09999847412109,54.400001525878906,52.034786224365234,77001,0.0055453430724461,0.0055453654014314,0.0003718948966165,0.0032112171564749,-0.0023341482449564,-0.0011703842006673,1.0527717532421188,0.0664952788489413,0.0194347248900007,-0.0007456601332376,-0.0091474365991669,0.010383401791374999,0.0202078652379276,0.0204241319724771,0.0214005558224949,0.0074903152015962,0.0077065819361457,0.0086830057861635
586,2021-12-24,0.0008347218156233,0.0064,0.0208267040279103,0.0011133505342956,54.79999923706055,55.400001525878906,54.5,54.5,52.13043594360352,45638,0.0018382071933127,0.0018381879926605,-0.0055652781843767,0.0116626514392131,0.0098244634465526,-0.0011707163684687,1.052526296616192,0.0665187806319611,0.0194501671969764,0.007490315201596201,0.009078803313315,0.0006770268473857005,0.0008932935819352005,0.0018697174319530006,0.0174616024175603,0.0100407301811021,0.0110171540311199,0.0266090390167272
587,2021-12-27,0.0048602925505308,0.0064,0.0112073599614175,0.1066889004959013,54.59999847412109,55.900001525878906,54.400001525878906,55.5,53.08695602416992,377001,0.018348623853211,0.0183485916289132,-0.0015397074494692,0.0185648583634628,0.0002162667345495,-0.0011894968398805,1.051584224718187,0.0665743818139498,0.0194855965809126,0.010040730181102102,0.0077065819361457006,0.009295070047864501,0.010271493897882301,0.0258633788834896,0.0073449846130864,0.0011926905845673,0.0167845755701745,-0.0017338187002286
588,2021-12-28,0.0081927857386876,0.00655,-0.1258332053918168,0.2310846725629251,56.0,56.400001525878906,55.70000076293945,56.0,53.565216064453125,578085,0.009009009009009,0.0090089934722468,0.0016427857386875,0.0099854173222646,0.0009764238500178,-0.0011717067214092,1.0455455079090037,0.066745445004353,0.0196755205084987,0.0011926905845673,0.011017154031119901,0.008683005786163501,0.0242748907717708,0.0057564965013676,0.0388486301055547,0.0165683088356251,-0.001950085434778,0.031142048169409
589,2021-12-29,0.0028284489673295,0.00695,0.0348496596605255,0.0465342619869004,56.0,56.59999847412109,55.70000076293945,55.79999923706055,53.3739128112793,235001,-0.0035714421953473,-0.0035714082240169,-0.0041215510326704,0.0120204767615904,0.0155918849856073,-0.0011212178771866,1.040218624277102,0.0671121161282692,0.0198379763739327,0.0165683088356251,0.016784575570174598,0.0266090390167272,0.008090644746324,0.041182778350511096,0.0327885764648789,-0.0029265092847959,0.0301656243193911,0.0217714224337589
590,2021-12-30,-0.0016132728267723,0.00715,0.0438038587083551,-0.0163760262810489,55.79999923706055,56.5,55.09999847412109,56.5,54.0434799194336,158004,0.0125448167116557,0.0125448383468114,-0.0087632728267723,-0.0059735559235918,-0.0185183942704032,-0.0011277604594681,1.0417095068126532,0.0672323540367711,0.0198409824735629,-0.002926509284795901,-0.0019500854347780996,-0.0017338187002286023,0.0313583149039585,0.022964113018326297,0.039804654014282695,0.0145737393337838,0.0061795374481516,0.023020078444108
591,2022-01-03,0.0028360709198904,0.00715,-0.2626491293485539,0.4145448374102135,56.5,56.59999847412109,55.29999923706055,55.400001525878906,52.99130630493164,274001,-0.0194689995419662,-0.0194690204270803,-0.0043139290801096,0.0136231131771068,0.0330921336041871,-0.0011384818967725,1.041290565003205,0.0671961682630079,0.0198483515915496,0.014573739333783899,0.030165624319391196,0.031142048169409,0.0227478462837768,0.0395883872797332,0.064663122726575,0.0246979317185549,0.0415384727145113,0.0666132081613531
592,2022-01-04,0.0140028848144866,0.00715,-0.3651712599945244,0.6109373647746109,55.5,56.09999847412109,55.400001525878906,55.5,53.08695602416992,93102,0.0018050265589682,0.0018050077627427,0.0068528848144866,-0.0065891941228895,-0.0083942018856322,-0.0011361033736207,1.0439770012081402,0.0670016053644087,0.019658537496977,0.0246979317185549,0.006179537448151699,0.021771422433758996,0.038611963429715394,0.0636866988765572,0.0766205495274986,0.0084463391103241,0.033521074557166,0.0464549252081074
593,2022-01-05,-0.0014243859384822,0.00763,0.0125613284064124,-0.236668955217669,55.5,55.5,54.59999847412109,55.0,52.60869598388672,167000,-0.009009009009009,-0.0090089934722468,-0.0090543859384822,0.0078315475237095,0.0168405409959564,-0.0012216818160132,1.0377377952647475,0.067420674282296,0.0200134724150989,0.008446339110324198,0.0415384727145113,0.023020078444108097,0.0480948138909499,0.0610286645418913,0.025254514236891602,0.0419152764427982,0.0548491270937396,0.0190749767887399
594,2022-01-06,-0.0071373672664004,0.00779,0.0428231406517148,-0.2400066539323402,55.0,55.59999847412109,54.400001525878906,54.5,52.13043594360352,61001,-0.009090909090909,-0.0090908932703764,-0.0149273672664004,0.0159838421764653,0.0250747354468418,-0.001219179958889,1.0377060763291284,0.067425669017234,0.0200063108136586,0.0419152764427982,0.033521074557166,0.0666132081613531,0.0795470588122945,0.0437729085072948,0.0633546725980912,0.0380085860977832,0.0022344357927835,0.0218161998835799
595,2022-01-07,-0.0107883830663919,0.00783,0.0563193149263773,-0.3655083992366265,54.5,54.5,53.59999847412109,53.900001525878906,51.556522369384766,93002,-0.0110091463141485,-0.0110091842477518,-0.0186183830663919,0.0019246664031896,0.0129338506509414,-0.0012209596357656,1.0376947325581145,0.0674121344856113,0.0200011585201265,0.0380085860977832,0.054849127093739604,0.0464549252081074,0.010680774903107704,0.030262538993904103,0.016684526937953505,-0.0228402996540582,-0.0032585355632618,-0.0168365476192124
596,2022-01-10,0.0038317013900048,0.0084099999999999,-0.1076104460364982,0.2475014184612803,54.0,56.0,54.0,55.79999923706055,53.3739128112793,446000,0.0352504203598101,0.0352504466626657,-0.0045782986099951,-0.0005237036423339,-0.0357741503049997,-0.0012205225154029,1.0389804132421467,0.067350197736325,0.0199307389880614,-0.022840299654058295,0.0022344357927835054,0.019074976788739907,0.03865674087953631,0.025078728823585708,0.00826725846193141,-0.0161923862142032,-0.0297703982701538,-0.0465818686318081
597,2022-01-11,0.0026771784909519,0.00774,-0.2296071171778065,0.0651068478001598,56.5,57.0,55.29999923706055,55.29999923706055,52.895652770996094,496001,-0.0089605735992181,-0.0089605579784687,-0.0050628215090481,0.0106212061123276,0.0195817640907964,-0.0012210702442992,1.039156849149504,0.0673420450037491,0.0199180222524758,-0.016192386214203297,-0.0032585355632618954,0.021816199883579905,0.008238187827629305,-0.008573282534024994,0.0008656733526336054,0.0060037520348457,-0.0108077183268085,-0.0013687624401499
598,2022-01-12,0.0047675222810459,0.00774,-0.1389138549996604,0.2190401108388049,55.900001525878906,55.900001525878906,55.0,55.09999847412109,52.704345703125,127001,-0.003616650374299,-0.0036166879100505,-0.0029724777189541,-0.0171946999660012,-0.0135780120559506,-0.0012199012810192,1.0391109922696402,0.0673449806793269,0.0199198988485661,0.006003752034845799,-0.029770398270153896,-0.016836547619212494,-0.03364801798086679,-0.024209062094208193,-0.028317995859531393,-0.0303894824176048,-0.0209505265309462,-0.0250594602962694
599,2022-01-13,0.0033484602004314,0.00757,-0.0663901690398082,-0.0258487030243693,55.29999923706055,57.0,55.20000076293945,56.5,54.0434799194336,523308,0.025408376853884,0.0254084212306082,-0.0042215397995686,0.0085969508689539,-0.0168114703616543,-0.0012078732547005,1.038459697801992,0.0674148069548346,0.0199793406536276,-0.030389482417604897,-0.0108077183268085,-0.046581868631808195,-0.037142912745149595,-0.0412518465104728,-0.026096647445515698,-0.0073725144749956,-0.0114814482403188,0.0036737508246382
600,2022-01-14,-0.0018224080660122,0.0073,-0.1926704293326263,0.0831484250242816,56.5,56.59999847412109,54.59999847412109,55.29999923706055,52.895652770996094,370010,-0.0212389515564505,-0.0212389570425267,-0.0091224080660122,-0.0118000011558681,0.0094389558866586,-0.0011970679087586,1.0390017344761548,0.0673585316419748,0.0199646845246289,-0.007372514474995699,-0.020950526530946298,-0.0013687624401499,-0.0054776962054731,0.009677502859483999,0.021788313265188,0.0053300221213353,0.0204852211862925,0.0325960315919965
601,2022-01-17,0.0066351782248987,0.00715,-0.1288994730486424,0.3529018248067209,55.20000076293945,55.20000076293945,54.79999923706055,55.0,52.60869598388672,204003,-0.0054249410705144,-0.0054249597476698,-0.0005148217751013,-0.0095338935129931,-0.0041089337653232,-0.0012035078449612,1.0398506881367977,0.0672924624278905,0.019913982639913,0.005330022121335399,-0.011481448240318898,-0.025059460296269497,-0.009904261231312397,0.002206549174391602,0.011657829260457402,0.0110462652996339,0.0231570757053379,0.0326083557914037
602,2022-01-18,-0.0079241752130331,0.0073,0.3362404963660373,-0.3958657940934639,55.0,55.20000076293945,54.79999923706055,55.0,52.60869598388672,112003,0.0,0.0,-0.0152241752130331,0.0151551990649571,0.0151551990649571,-0.0012023072807486,1.036807267700545,0.067438553745527,0.0200470061246025,0.0110462652996339,0.0204852211862925,0.0036737508246382014,0.0157845612303422,0.025235841316408,0.017148848747879898,0.0272660094706611,0.0367172895567269,0.0286302969881988
603,2022-01-19,-0.0082258362076221,0.0074,0.0502118515182358,-0.1510088775827904,55.0,55.0,54.5,54.900001525878906,52.51304626464844,84001,-0.0018181540749289,-0.0018181351476108,-0.0156258362076221,0.0102926752580932,0.012110810405704,-0.0011894575142833,1.0418119283414442,0.067437322063456,0.0198094848815016,0.0272660094706611,0.0231570757053379,0.0325960315919965,0.0420473116780623,0.0339603191095342,0.041179006145977796,0.0215620904917697,0.0134750979232416,0.0206937849596852
604,2022-01-20,-0.0005037257057624,0.0072499999999999,0.1049673631516344,-0.0874944030797278,54.70000076293945,55.0,54.400001525878906,54.59999847412109,52.2260856628418,156007,-0.0054645363100107,-0.0054645582806309,-0.0077537257057623,0.0039867218054348,0.0094512800860658,-0.0011884390159531,1.041726536618782,0.0674172031788172,0.0198181712984913,0.021562090491769798,0.0367172895567269,0.0326083557914037,0.024521363222875597,0.0317400502593192,0.04926181318753099,0.0013642875175376,0.0085829745539812,0.026104737482193
605,2022-01-21,-0.0175087070753007,0.0069999999999999,-0.0837893989594616,-0.2644125226958009,54.20000076293945,54.5,53.5,53.5,51.17391204833984,241003,-0.0201464927630439,-0.0201465149292352,-0.0245087070753007,-0.0282335074977633,-0.0080869925685281,-0.0011962449243054,1.040947417640932,0.0674610376910862,0.0198673776256962,0.001364287517537699,0.013475097923241697,0.0286302969881988,0.0358489840246424,0.053370746952854195,0.030632330358122396,-0.0008683055320845,0.0166534573961272,-0.0060849591986045
606,2022-01-24,0.0050135076418182,0.00685,-0.2554048695366002,0.307392495325657,53.0,53.09999847412109,51.79999923706055,52.79999923706055,50.50434875488281,296002,-0.0130841264100832,-0.0130840748079713,-0.0018364923581818,-0.0058653877715277,0.0072186870364436,-0.0011938424630835,1.0408906356154484,0.067454810624973,0.0198588597165671,-0.0008683055320845004,0.008582974553981298,0.020693784959685296,0.03821554788789709,0.015477131293165292,-0.037362021086703404,0.0247404499646554,0.0020020333699235,-0.0508371190099451
607,2022-01-25,-0.0160052974966961,0.00695,-0.0267849967494545,-0.3330809950811845,52.5,52.5,51.79999923706055,52.29999923706055,50.02608489990234,153003,-0.0094696971065304,-0.0094697559075888,-0.0229552974966961,0.0080520070206229,0.0175217629282118,-0.0011841734423169,1.041084358128605,0.0674085211562655,0.0198015189091442,0.0247404499646554,0.016653457396127298,0.026104737482193097,0.003366320887461298,-0.0494728314924074,-0.08324187850678491,-0.00521665366652,-0.0580558060463887,-0.0918248530607662
608,2022-01-26,-0.0015094384591016,0.00695,0.1591539739988877,-0.1277050372553163,52.29999923706055,53.900001525878906,52.20000076293945,53.59999847412109,51.26956558227539,311002,0.0248565823331666,0.0248566459850125,-0.0084594384591016,0.0021182293902807,-0.0227384165947318,-0.0012054788918055,1.029123256243835,0.0676859257317402,0.020403151142203,-0.0052166536665200006,0.002002033369923599,-0.006084959198604502,-0.0589241115784732,-0.09269315859285071,-0.11908038740647411,-0.0755775689746005,-0.1093466159889779,-0.1357338448026014
609,2022-02-07,0.0127812194831132,0.0070999999999999,0.2265119830668612,-0.136256291167009,53.70000076293945,56.900001525878906,53.59999847412109,56.400001525878906,53.94782638549805,1045007,0.0522388643930595,0.0522388043043722,0.0056812194831132,-0.0006003480754965,-0.0528391523798687,-0.0011924450038775,1.0303811105353573,0.0675519924808805,0.0203221211189847,-0.0755775689746005,-0.0580558060463887,-0.0508371190099451,-0.08460616602432261,-0.11099339483794601,-0.07851482627618701,-0.0866081993942462,-0.1129954282078696,-0.0805168596461106
610,2022-02-08,0.0037016006845206,0.0070999999999999,0.2876673618430554,-0.1872045997672203,57.0,57.79999923706055,56.5,57.29999923706055,54.80869674682617,1062001,0.0159574057949037,0.015957461477253,-0.0033983993154793,-0.0178115855371244,-0.0337690470143775,-0.0011939320706725,1.030632976307893,0.0675608455006032,0.0203099188893662,-0.0866081993942462,-0.10934661598897799,-0.09182485306076621,-0.11821208187438961,-0.08573351331263061,-0.10709010308489972,-0.0601562758280009,-0.0276777072662419,-0.049034297038511
611,2022-02-09,0.0103079951372335,0.00715,0.0495468670771892,0.2312977975828557,58.0,58.29999923706055,57.20000076293945,57.79999923706055,55.286956787109375,557101,0.0087260036065866,0.0087259881856414,0.0031579951372334,-0.017661240627982,-0.0263872288136234,-0.001109572868877,1.038310834926477,0.067048164175631,0.0198719623140719,-0.0601562758280009,-0.1129954282078696,-0.1357338448026014,-0.1032552762408424,-0.1246118660131115,-0.101903205787466,0.0060913397481356,-0.0152652500241335,0.0074434102015119
612,2022-02-10,0.0102629727382019,0.0070999999999999,-0.2237925858689342,0.387823266985259,58.29999923706055,58.29999923706055,57.29999923706055,57.5,55.0,257001,-0.0051902982875506,-0.0051903161936429,0.0031629727382019,0.027288252368116,0.032478568561759,-0.0011183139543189,1.0385165594243435,0.0671644894247273,0.0198973386238825,0.0060913397481356,-0.0276777072662419,-0.0805168596461106,-0.10187344941837971,-0.0791647891927342,-0.1231768009626467,0.0111219787894898,0.0338306390151354,-0.010181372754777
613,2022-02-11,-0.0014784192959439,0.0072499999999999,-0.0186491254761187,0.0232584048892023,57.5,58.29999923706055,57.29999923706055,57.900001525878906,55.38261032104492,355285,0.0069565482761548,0.0069565512917257,-0.0087284192959438,-0.0144000384805433,-0.0213565897722691,-0.0011128788283979,1.0415043278430711,0.0670833133888333,0.0197244673512671,0.011121978789489898,-0.015265250024133502,-0.049034297038511004,-0.026325636812865504,-0.070337648582778,-0.06798894868826899,0.0013520704533763,-0.042659941316536,-0.0403112414220271
614,2022-02-14,-0.0171083265308125,0.00705,0.0629213309683354,-0.4395895183444276,57.79999923706055,57.79999923706055,56.59999847412109,57.29999923706055,54.80869674682617,275002,-0.0103627335579634,-0.0103627035795506,-0.0241583265308125,0.0123459566460949,0.0227086602256455,-0.0011133134928022,1.0427334445116077,0.0669343365575609,0.0196747471231103,0.0013520704533763993,0.0338306390151354,0.007443410201511999,-0.0365686015684005,-0.0342199016738915,-0.0236036770657174,-0.0213033515442669,-0.0189546516497579,-0.0083384270415838
615,2022-02-15,-0.0025480729004959,0.00705,0.102325540955869,-0.0297535622073274,58.29999923706055,60.70000076293945,57.70000076293945,60.09999847412109,57.48695755004883,1834012,0.0488656068820601,0.0488656173598536,-0.0095980729004959,0.004853605589941,-0.0440120117699125,-0.0011151002850774,1.0403621686807978,0.0670093600584315,0.0197493453245568,-0.021303351544266998,-0.042659941316536096,-0.010181372754777096,-0.007832672860268095,0.002783551747906005,-0.0019754554215992955,-0.0416633118754035,-0.0310470872672294,-0.0358060944367347
616,2022-02-16,0.0155783816634964,0.00694,-0.0796390318270447,0.4172893816184841,60.79999923706055,60.900001525878906,59.79999923706055,60.20000076293945,57.582611083984375,1105010,0.001663931636561,0.0016639171389836,0.0086383816634964,0.0040126170334926,0.002348699894509,-0.0011214962488101,1.0413815825609924,0.0669104802161723,0.019703007512823,-0.0416633118754035,-0.018954651649757997,-0.0403112414220271,-0.029695016813852997,-0.0344540239833583,-0.0468357889699364,0.0129649245026831,0.0082059173331777,-0.0041758476534003
617,2022-02-17,0.0020349213719023,0.00705,0.0674958946655239,-0.0110980754331674,60.79999923706055,60.79999923706055,59.20000076293945,59.29999923706055,56.72174072265625,385170,-0.0149501912703125,-0.0149501793184151,-0.0050150786280977,-0.004333954710241,0.0106162246081741,-0.0011200604831741,1.0385797547156788,0.0668123610978961,0.0197064698670667,0.0129649245026831,-0.0310470872672294,-0.008338427041583897,-0.013097434211089196,-0.025479199197667297,-0.026207483521696197,0.0058572174386688,-0.0065245475479093,-0.0072528318719382
618,2022-02-18,-0.0019826785843343,0.00686,0.2003767763303241,-0.228415102388595,58.59999847412109,59.5,58.59999847412109,59.29999923706055,56.72174072265625,238282,0.0,0.0,-0.0088426785843343,-0.0047590071695053,-0.0047590071695053,-0.001126692204897,1.0388024495760049,0.0669054957798065,0.0197016035729554,0.0058572174386688,0.008205917333177798,-0.0358060944367347,-0.0481878594233128,-0.0489161437473417,-0.08377372633502059,-0.0171407721560834,-0.0178690564801123,-0.0527266390677911
619,2022-02-21,-0.0005956102879036,0.00705,0.0985875517616118,-0.1352813770996254,59.5,59.5,58.70000076293945,59.29999923706055,56.72174072265625,171256,0.0,0.0,-0.0076456102879036,-0.0123817649865781,-0.0123817649865781,-0.0011106165062313,1.036678685804054,0.0667241898941099,0.0196028856895286,-0.0171407721560834,-0.006524547547909301,-0.0041758476534003025,-0.004904131977429203,-0.0397617145651081,-0.014034827175024502,-0.013110049310607,-0.0479676318982859,-0.0222407445082023
620,2022-02-22,-0.013840864201064,0.00705,-0.0957383620836186,-0.1955699900047072,59.29999923706055,59.5,57.79999923706055,58.70000076293945,56.1478271484375,284325,-0.0101180182435165,-0.0101180529177503,-0.020890864201064,-0.0108463372417793,-0.0007282843240289,-0.0011018999087866,1.0334875387023312,0.0670606515567266,0.0197599940529745,-0.013110049310607,-0.017869056480112302,-0.007252831871938201,-0.0421104144596171,-0.0163835270695335,-0.0408421158694172,-0.0355858669117077,-0.0098589795216241,-0.0343175683215078
621,2022-02-23,0.0048105078586772,0.0072,0.1115748273344831,0.0442898225041803,58.900001525878906,59.900001525878906,58.70000076293945,59.5,56.91304397583008,347004,0.013628606927815,0.013628609801223,-0.0023894921413228,-0.0212289727864558,-0.0348575825876789,-0.0009833452412164,1.048236563856753,0.0670626260995876,0.0192151707512903,-0.03558586691170779,-0.0479676318982859,-0.052726639067791195,-0.026999751677707594,-0.05145834047759129,-0.07799922037173239,-0.0091306951975952,-0.033589283997479,-0.0601301638916201
622,2022-02-24,-0.0255420121771416,0.0069999999999999,0.1006107975200589,-0.5709861232981173,59.0,59.59999847412109,57.59999847412109,58.400001525878906,55.860870361328125,441001,-0.0184873693129595,-0.0184873895507818,-0.0325420121771416,0.0072394978393017,0.0257268873900836,-0.0009865086492855,1.048195736471325,0.0670119210599799,0.0192083970498186,-0.009130695197595295,-0.009858979521624192,-0.0222407445082023,-0.046699333308086,-0.0732402132022271,-0.0860845838799723,0.0012682985901999,-0.0252725813039412,-0.0381169519816864
623,2022-02-25,0.0032753837802675,0.00715,0.0485535700843968,0.0150416904869152,58.900001525878906,58.900001525878906,57.70000076293945,58.20000076293945,55.6695671081543,161003,-0.0034246705087982,-0.0034246378893921,-0.0038746162197325,-0.0278832266892759,-0.0244585887998837,-0.000988560779337,1.049574017874269,0.0668606587303037,0.0190856503513244,0.0012682985901999004,-0.033589283997479,-0.034317568321507896,-0.060858448215648994,-0.0737028188933942,-0.0439339952829758,-0.0509994686940248,-0.06384383937177,-0.0340750157613516
624,2022-03-01,0.0139399392514823,0.0070999999999999,0.1489318642986656,0.0954646648046603,57.5,59.0,57.5,58.5,55.95652389526367,224008,0.0051546259987608,0.005154643767067,0.0068399392514823,-0.021386236127074,-0.0265408798941411,-0.0009969874909653,1.049638601183351,0.0669348856326544,0.0190644421719229,-0.0509994686940248,-0.0252725813039412,-0.0601301638916201,-0.0729745345693653,-0.0432057109589469,-0.0815753040310795,-0.0393852505718863,-0.0096164269614679,-0.0479860200336005
625,2022-03-02,-0.0017124797466232,0.0069,0.0903327269462788,-0.0983049229899828,58.70000076293945,58.70000076293945,58.0,58.29999923706055,55.76521682739258,86032,-0.0034188164605034,-0.0034188518970401,-0.0086124797466232,-0.0162632225747853,-0.0128443706777452,-0.0009942628160763,1.0475242878276818,0.0669865362272418,0.0191467269065332,-0.0393852505718863,-0.06384383937177,-0.0381169519816864,-0.008348128371268002,-0.0467177214434006,-0.0355668082654797,0.0169244529326732,-0.0214451401394593,-0.0102942269615384
626,2022-03-03,0.003738654475722,0.00705,0.0389694578679485,-0.0198328609978708,58.79999923706055,58.79999923706055,58.0,58.0,55.4782600402832,97009,-0.0051457845795277,-0.0051458024093689,-0.0033113455242779,0.0246230212010495,0.0297688236104184,-0.000980551969277,1.046107236363515,0.0669142216238864,0.0190620662045656,0.016924452932673202,-0.0096164269614679,-0.03407501576135161,-0.0724446088334842,-0.06129369565556331,-0.014127571749780306,-0.0086007694617142,0.0025501437162067,0.0497162676219897
627,2022-03-04,-0.0110335921505599,0.0069999999999999,0.0275337349630974,-0.3240238389567988,58.0,58.400001525878906,57.400001525878906,58.09999847412109,55.57391357421875,284006,0.0017241116227774,0.0017241624713193,-0.0180335921505599,-0.0366454306008132,-0.0383695930721326,-0.0010119560259887,1.029684897811707,0.0678865520058099,0.0198516153732739,-0.0086007694617142,-0.021445140139459397,-0.0479860200336005,-0.0368351068556796,0.010331017050103398,0.006825410300509698,-0.0272186798942117,0.0199474440115713,0.0164418372619776
628,2022-03-07,-0.031450932475346,0.00695,-0.042388707463646,-0.6736804898005895,57.79999923706055,58.09999847412109,56.400001525878906,58.0,55.4782600402832,398038,-0.0017211441780955,-0.00172119485175,-0.038400932475346,0.0094297183261708,0.0111509131779209,-0.0010250848423595,1.0304856647814318,0.0677771960049129,0.0196840028212769,-0.0272186798942117,0.002550143716206701,-0.010294226961538496,0.0368718969442445,0.0333662901946508,0.0219968026701716,0.0583170370837039,0.0548114303341102,0.043441942809631
629,2022-03-08,-0.020574296665029,0.0069999999999999,-0.0024708084284156,-0.4152613993917358,57.59999847412109,57.79999923706055,56.0,57.0,54.5217399597168,455010,-0.0172413793103448,-0.0172413496723197,-0.027574296665029,0.0299247742334633,0.047166123905783,-0.001043544262851,1.0319113577279686,0.0676115195742673,0.0195989334639785,0.0583170370837039,0.0199474440115713,0.049716267621989704,0.046210660872396,0.0348411733479168,0.0267781987195142,0.0436605171561893,0.0322910296317101,0.0242280550033075
630,2022-03-09,0.0112990520200294,0.00715,0.0364235919593598,0.1778027059597468,57.79999923706055,57.79999923706055,56.59999847412109,57.09999847412109,54.61738967895508,492010,0.0017543591951069,0.0017543409162832,0.0041490520200294,-0.0017512658333104,-0.0035056067495937,-0.0010508146383431,1.0320200037389138,0.0675378614282278,0.0195968016495046,0.0436605171561893,0.0548114303341102,0.0164418372619776,0.0050723497374983995,-0.0029906248909042,0.020465992200330303,-0.0148750942740729,-0.0229380689024755,0.0005185481887589
631,2022-03-10,0.0245566276057569,0.0073,-0.0679794155092294,0.6220037704030659,57.5,59.5,57.5,58.79999923706055,56.24347686767578,983000,0.0297723434040007,0.0297723343843225,0.0172566276057569,0.0184028468598433,-0.0113694875244792,-0.001053975951235,1.031975977790835,0.0675293120039773,0.0196013506249981,-0.014875094274072902,0.0322910296317101,0.043441942809631,0.0353789681812284,0.058835585272462895,0.0993717830026161,-0.0194324621528818,0.0040241549383527,0.0445603526685059
632,2022-03-11,-0.0096631135949973,0.0073,0.1313765116779589,-0.4239362851111216,59.09999847412109,59.400001525878906,58.70000076293945,58.70000076293945,56.1478271484375,352008,-0.0017006543438535,-0.0017006366705123,-0.0169631135949973,-0.009763611298915,-0.0080629746284026,-0.0010471423991537,1.028754818969159,0.0673672111948643,0.0195893340214164,-0.019432462152881802,-0.022938068902475503,0.0242280550033075,0.047684672094542,0.0882208698246952,0.11268057976985049,0.0153936424628319,0.0559298401929851,0.0803895501381404
633,2022-03-14,-9.853446109851556e-05,0.0073,0.0989563263887167,-0.2365070516808037,59.09999847412109,59.09999847412109,57.59999847412109,57.79999923706055,55.286956787109375,340011,-0.0153322234102444,-0.0153322115039687,-0.0073985344610985,0.0081244055872657,0.0234566170912345,-0.0010464763040166,1.0285357414839869,0.067393569893994,0.0196052898036536,0.015393642462831902,0.0040241549383527,0.0005185481887589986,0.0410547459189122,0.0655144558640675,-0.0026018726860624064,0.0639928148213877,0.088452524766543,0.020336196216413
634,2022-03-15,-0.0195202313106623,0.0075,0.0209715457582447,-0.5576536351106784,57.79999923706055,57.79999923706055,56.09999847412109,56.20000076293945,53.75652313232422,297011,-0.0276816348657526,-0.0276816403673351,-0.0270202313106623,0.012854557362818,0.0405361977301532,-0.0010488077386218,1.024070086882523,0.0674169260525772,0.0196172663473123,0.0639928148213877,0.0559298401929851,0.0445603526685059,0.0690200626136612,0.0009037340635312946,-0.0020171875407478056,0.0649959076753085,-0.0031204208748214,-0.0060413424791005
635,2022-03-16,0.0008725911861828,0.0076,-0.0181629173498592,0.0589809454440277,56.59999847412109,56.70000076293945,54.29999923706055,54.900001525878906,52.51304626464844,621010,-0.0231316587084073,-0.0231316460816282,-0.0067274088138172,0.0013280638635271,0.0244597099451553,-0.0010589935169571,1.0243604921167455,0.0673642691412209,0.0195929301758094,0.0649959076753085,0.088452524766543,0.0803895501381404,0.012273221588010502,0.009352299983731402,0.021255615138518,-0.0436566186049746,-0.0465775402092537,-0.0346742250544671
636,2022-03-17,0.0299507534554149,0.0076,-0.1611791133918761,0.858554065819039,55.59999847412109,59.5,55.5,58.900001525878906,56.339134216308594,1234216,0.0728597429658443,0.0728597600751999,0.0223507534554149,0.0047434315250699,-0.0681163285501299,-0.0011019938757171,1.020747085229688,0.0671395062530966,0.0196113701937808,-0.043656618604974606,-0.0031204208748214085,0.020336196216413097,0.017415274612133998,0.029318589766920596,0.004316364443779395,-0.071037250154409,-0.0591339349996224,-0.0841361603227636
637,2022-03-18,0.0004756260403969,0.00835,0.0306239058407375,-0.0619861586632067,58.20000076293945,58.5,57.70000076293945,58.29999923706055,55.76521682739258,391004,-0.0101867958111127,-0.0101868336618826,-0.0078743739596031,-0.0131077552661617,-0.0029209216042791,-0.0011053933504557,1.0212305960086283,0.0670995180724754,0.0195928110192594,-0.07103725015440901,-0.046577540209253705,-0.006041342479100509,0.00586197267568609,-0.01914025264745511,-0.01503608733643191,0.0089823935505074,-0.0160198317726337,-0.0119156664616105
638,2022-03-21,0.0059484849522328,0.0084,-0.0319527116560293,0.1945062260976517,58.70000076293945,58.70000076293945,57.79999923706055,57.900001525878906,55.38261032104492,290010,-0.0068610242953033,-0.0068610242748974,-0.0024515150477671,0.0050422908798891,0.0119033151547866,-0.0011242668132754,1.0202118822458563,0.0671099992297821,0.019636607460505,0.008982393550507499,-0.05913393499962241,-0.03467422505446711,-0.05967645037760831,-0.05557228506658511,-0.07453799553517332,-0.0130989101683546,-0.0089947448573314,-0.0279604553259196
639,2022-03-22,-3.692620897742874e-05,0.00865,0.0903887151143999,-0.0445653299853286,58.70000076293945,58.70000076293945,57.900001525878906,58.5,55.95652389526367,112016,0.0103626676737291,0.0103627035795506,-0.0086869262089774,-0.0146395217435906,-0.0250022253231412,-0.0010918189798747,1.0207845342689148,0.0669240385579928,0.0194458432239711,-0.013098910168354601,-0.016019831772633702,-0.08413616032276361,-0.08003199501174041,-0.0989977054803286,-0.0752170605803089,-0.020898060012118,-0.0398637704807062,-0.0160831255806865
640,2022-03-23,0.0097756850175939,0.00905,-0.0223321558300005,0.220340545521867,59.0,59.29999923706055,58.20000076293945,58.29999923706055,55.76521682739258,314004,-0.0034188164605034,-0.0034188518970401,0.0007256850175938,0.000685313413983,0.0041041653110232,-0.0010398191058272,1.0144176376259164,0.0658472304500638,0.0187400947794596,-0.020898060012118,-0.008994744857331401,-0.011915666461610502,-0.0308813769301987,-0.007100732030179,0.026191472009098698,-0.014861545157565,0.0089190997424547,0.0422113037817324
641,2022-03-24,-0.0018221150038536,0.0093,-0.0505733317266808,0.0168443314541642,58.09999847412109,58.400001525878906,57.5,58.400001525878906,55.860870361328125,208008,0.0017153051479765,0.0017152902719201,-0.0111221150038536,-0.017250420196668,-0.0189657104685882,-0.0010353304777829,1.011554731841381,0.0657604600651836,0.0187093019075337,-0.014861545157565,-0.039863770480706204,-0.0279604553259196,-0.004179810425899898,0.0291123936133778,0.0292283938042079,0.0048149344314315,0.0381071384707092,0.0382231386615393
642,2022-03-25,-0.0012492938857652,0.00945,-0.2242132643998742,0.2094672696095924,58.70000076293945,58.70000076293945,57.5,57.5,55.0,127014,-0.0154109846295138,-0.0154109729361484,-0.0106992938857652,0.0083696719638712,0.0237806449000197,-0.0010561303988508,1.0108527135875611,0.0656601689323906,0.0186631956530229,0.0048149344314315015,0.008919099742454702,-0.016083125580686503,0.017209078458591195,0.017325078649421295,0.036036162100666194,0.0570728489392974,0.0571888491301275,0.0758999325813724
643,2022-03-28,-0.008878197882615,0.00975,0.1889768790003591,-0.4362979253104986,57.5,57.5,56.400001525878906,56.59999847412109,54.13912963867188,205005,-0.0156522004500679,-0.0156521883877839,-0.018628197882615,0.0176400156514937,0.0332922040392777,-0.0010566265429259,1.0109424762141068,0.0656437892938354,0.0186445706427239,0.0570728489392974,0.0381071384707092,0.0422113037817324,0.0423273039725625,0.0610383874238074,0.0701788228070956,0.0334082042301078,0.0521192876813527,0.0612597230646409
644,2022-03-29,0.0016352953570387,0.0097,0.0192718107078089,0.1345963480857855,57.0,57.20000076293945,56.5,56.79999923706055,54.3304328918457,77013,0.003533582479351,0.0035335487373104,-0.0080647046429613,0.0036495489281406,0.0001160001908301,-0.0010374309623512,1.012062170993835,0.0655945673866122,0.0185295893543262,0.0334082042301078,0.0571888491301275,0.0382231386615393,0.0569342221127842,0.0660746574960724,0.075160045124133,0.018827083642075,0.0279675190253632,0.0370529066534238
645,2022-03-30,0.0109353300432257,0.00955,-0.047637583233332,0.3775169611811053,56.400001525878906,56.5,55.0,55.79999923706055,53.3739128112793,757002,-0.0176056340392963,-0.0176056038881657,0.0013853300432257,0.0011054795630791,0.0187110834512449,-0.0010857351080893,1.0075401011462914,0.065725559419534,0.0187864301863269,0.018827083642075,0.0521192876813527,0.0758999325813724,0.0850403679646606,0.0941257555927212,0.0812152583923966,0.0278515188345331,0.0369369064625937,0.0240264092622691
646,2022-03-31,-0.0026543605330607,0.00955,0.0203640297287494,-0.1348665532189863,55.5,55.5,55.09999847412109,55.09999847412109,52.704345703125,172054,-0.0125448167116557,-0.0125448383468113,-0.0122043605330606,-0.003404402963523,0.0091404353832882,-0.0010807268404685,1.0077664935038666,0.0656807593944668,0.0187435040181111,0.0278515188345331,0.0279675190253632,0.0612597230646409,0.0703451106927015,0.0574346134923769,0.06808343842598549,0.0182258230113488,0.0053153258110241,0.0159641507446327
647,2022-04-01,-0.003836492032228,0.0094,0.1378950747918927,-0.2158372807206201,54.79999923706055,54.79999923706055,54.0,54.5,52.13043594360352,288001,-0.0108892648046604,-0.0108892303256019,-0.013236492032228,-0.0018038426975412,0.0090853876280606,-0.0010886174552539,1.011618139553021,0.0655637588240393,0.0185707029733214,0.0182258230113488,0.036936906462593705,0.0370529066534238,0.024142409453099197,0.034791234386707795,0.0509910482977832,-0.003825109572264,0.0068237153613445,0.0230235292724199
648,2022-04-06,-0.0058488734087134,0.00955,0.1968317761159138,-0.3509641424812825,54.20000076293945,55.59999847412109,53.5,55.59999847412109,53.18260955810547,647211,0.020183458240754,0.0201834800622082,-0.0153988734087134,0.0072729828618835,-0.0129104972003246,-0.0010951729201797,1.0045743597526624,0.0662083707886362,0.0195206036025684,-0.0038251095722640002,0.005315325811024198,0.024026409262269104,0.0346752341958777,0.050875048106953105,0.0847506302544837,-0.002261672266716,0.0139381416443593,0.04781372379189
649,2022-04-07,-0.0196244337637323,0.01015,-0.0438973267243625,-0.3944548396935435,55.20000076293945,55.400001525878906,53.59999847412109,53.70000076293945,51.36521911621094,280350,-0.0341726216425345,-0.0341726450995022,-0.0297744337637323,-0.0235238201658935,0.0106488249336086,-0.0011069031758456,1.0049503679620693,0.0661919835205496,0.0195183360067414,-0.002261672266716001,0.006823715361344599,0.015964150744632796,0.0321639646557082,0.0660395468032388,0.0588217154865014,0.0268486388446839,0.0607242209922146,0.0535063896754771
650,2022-04-08,0.0061651131566868,0.01015,0.1351875351136942,-0.0410138512134015,54.79999923706055,55.59999847412109,54.0,54.0,51.65217590332031,307002,0.0055865778919613,0.0055865971575075,-0.0039848868433132,0.0217864110685829,0.0161998139110754,-0.0011059669335756,1.0079905633662518,0.0660573765526928,0.01934202787981,0.026848638844683997,0.013938141644359399,0.023023529272419997,0.0568991114199506,0.049681280103213196,0.019158095364533997,0.050075396058606,0.0428575647418686,0.0123343800031894
651,2022-04-11,-0.0136636517190896,0.01035,-0.0283631448177236,-0.3722676902716348,54.400001525878906,54.400001525878906,52.5,52.5,50.21739196777344,303003,-0.0277777777777777,-0.0277778023956323,-0.0240136517190895,0.0060977797518982,0.0338755821475306,-0.0011063983519989,1.0064500343565137,0.0661550718886427,0.0194147108132,0.050075396058606,0.0607242209922146,0.04781372379189,0.0405958924751526,0.0100727077364734,-0.010835149064801899,0.0266577508307932,-0.003865433907886,-0.0247732907091613
652,2022-04-12,-0.0033703507884563,0.0103,-0.0169810514026403,-0.009104470291229,52.5,53.0,51.59999847412109,52.59999847412109,50.31304168701172,281000,0.0019047328404017,0.0019047129986293,-0.0136703507884563,-0.005313118318108,-0.0072178313167374,-0.0011131407842016,1.008373172683548,0.0660291150551105,0.0192664464779061,0.0266577508307932,0.0428575647418686,0.053506389675477196,0.022983204936797997,0.0020753481355226984,0.029025195490107198,-0.0377410160554166,-0.0586488728566918,-0.0316990255021073
653,2022-04-13,0.0182886161787334,0.01005,-0.124718206756782,0.4928332035646153,53.400001525878906,54.20000076293945,52.70000076293945,53.70000076293945,51.36521911621094,418002,0.0209125916488296,0.0209126181586203,0.0082386161787334,-0.0096105665800589,-0.0305231847386792,-0.0011136518756389,1.0064390886235763,0.0660542890075654,0.0193348872943459,-0.0377410160554166,-0.0038654339078860005,0.012334380003189403,-0.008573476798085896,0.018376370556498604,-0.012375029224070296,-0.0514310415399544,-0.0244811941853699,-0.0552325939659388
654,2022-04-14,-0.0032366854453575,0.01005,0.02560857598936,0.0997935430987555,53.900001525878906,54.400001525878906,53.5,53.5,51.17391204833984,123029,-0.0037244089403715,-0.0037244476157743,-0.0132866854453575,-0.0246323044170497,-0.0209078568012753,-0.0011122280555924,1.007216413558312,0.0660642849902749,0.0193067014729515,-0.051431041539954495,-0.058648872856691896,-0.0247732907091613,0.0021765566454232006,-0.0285748431351457,-0.0748186522272739,0.0060419905533092,-0.0247094092272597,-0.0709532183193878
655,2022-04-15,-0.0140018322101825,0.01,0.0685719851482777,-0.5175819826988209,53.5,53.70000076293945,52.5,52.79999923706055,50.50434875488281,183003,-0.0130841264100832,-0.0130840748079713,-0.0240018322101825,0.0138657725466131,0.0269498473545845,-0.0011237942576496,1.0076446189688435,0.0660085126652435,0.019347289370923,0.006041990553309201,-0.024481194185369995,-0.031699025502107396,-0.062450425282676296,-0.1086942343748045,-0.1105678826621873,-0.0038015524259844,-0.0500453615181126,-0.0519190098054953
656,2022-04-18,-0.0061932153629507,0.00995,-0.026714323222471,0.0987557094651514,53.0,53.0,52.29999923706055,52.29999923706055,50.02608489990234,70001,-0.0094696971065304,-0.0094697559075888,-0.0161432153629507,-0.0402211556881577,-0.0307513997805689,-0.0011225440645614,1.008033419627118,0.0659907663005011,0.0193278695956007,-0.0038015524259844002,-0.0247094092272597,-0.055232593965938895,-0.1014764030580671,-0.1033500513454499,-0.1116091795344743,-0.076995208872697,-0.0788688571600799,-0.0871279853491042
657,2022-04-19,0.0055939394058473,0.01,0.0323841493197394,0.0987720236065143,52.900001525878906,53.79999923706055,52.400001525878906,53.70000076293945,51.36521911621094,223001,0.0267686720134184,0.0267687191389869,-0.0044060605941527,-0.0194750899531413,-0.0462438090921282,-0.0010828620324132,1.021065844207031,0.0653369420701001,0.0185261833129907,-0.07699520887269709,-0.0500453615181126,-0.07095321831938789,-0.0728268666067707,-0.08108599479579509,-0.031031886638647692,-0.0481174573795109,-0.0563765855685353,-0.0063224774113879
658,2022-04-20,0.0091494618602511,0.0104,-0.0346275427012354,0.2191749068568083,53.79999923706055,54.400001525878906,53.29999923706055,54.29999923706055,51.93912887573242,198005,0.0111731557839227,0.0111731200488611,-0.0012505381397489,0.0092994717614782,-0.0018736482873828,-0.0010896665311285,1.0216632654562474,0.0653387558582202,0.0185270636996547,-0.048117457379510994,-0.0788688571600799,-0.051919009805495395,-0.06017813799451979,-0.010124029837372393,0.029571431480654907,-0.0101327764764072,0.0399213316807402,0.0796167929987675
659,2022-04-21,-0.0012205834769419,0.01035,0.1119671996532229,-0.0679408076400893,54.29999923706055,54.29999923706055,53.59999847412109,53.79999923706055,51.46086883544922,68004,-0.009208103260133,-0.0092080874407322,-0.0115705834769419,-0.0174672156297566,-0.0082591281890244,-0.0010936876723121,1.023479797111629,0.0652102386514169,0.0184702451142451,-0.0101327764764072,-0.05637658556853539,-0.08712798534910429,-0.03707387719195689,0.0026215841260704073,-0.02068786850667949,0.041794979968123,0.0814904412861503,0.0581809886534003
660,2022-04-22,-0.0060053526365783,0.0104,0.0495113983051671,-0.3675076270739681,53.59999847412109,53.59999847412109,52.70000076293945,52.900001525878906,50.60000228881836,104000,-0.0167285822294523,-0.0167285661146444,-0.0164053526365783,0.0333255420425029,0.0500541081571474,-0.0010742920671462,1.0217550807339488,0.0654332709032105,0.018467646927421,0.041794979968123,0.0399213316807402,-0.006322477411387993,0.03337298390663931,0.010063531273889408,0.002519137970553708,0.0897495694751747,0.0664401168424248,0.0588957235390891
661,2022-04-25,-0.0237408117569129,0.01045,-0.1248259277570268,-0.3775601702907482,52.400001525878906,52.400001525878906,50.70000076293945,50.70000076293945,48.49565505981445,216000,-0.0415879149240327,-0.0415878880200946,-0.0341908117569129,-0.0018924267020672,0.0396954613180273,-0.0010737874612431,1.0225897992433208,0.0654516287608217,0.0184648596774226,0.0897495694751747,0.0814904412861503,0.0796167929987675,0.0563073403660176,0.0487629470626819,0.058307728201802,0.0163860086852774,0.0088416153819417,0.0183863965210618
662,2022-04-26,0.0014372670140345,0.0105,0.0130318127717769,0.0413007446617687,52.09999847412109,52.09999847412109,50.59999847412109,51.0,48.78260803222656,173001,0.0059171446261562,0.0059170862226354,-0.0090627329859655,-0.0173923664101144,-0.0233094526327499,-0.0010800984680786,1.0230877933676392,0.0653486858575474,0.0184243303624359,0.0163860086852774,0.0664401168424248,0.05818098865340039,0.05063659535006469,0.06018137648918479,0.0701738348627536,-0.0308538459360856,-0.0213090647969655,-0.0113166064233967
663,2022-04-27,-0.0205132940911969,0.0102,0.2466297293830349,-0.5385614794008047,48.20000076293945,51.400001525878906,48.20000076293945,50.900001525878906,48.68695831298828,409010,-0.0019607543945312,-0.0019607340217459,-0.0307132940911969,-0.0095051273250816,-0.0075443933033357,-0.0010843208496444,1.0233746802432462,0.0653964984650977,0.0184542914729306,-0.0308538459360856,0.008841615381941701,0.058895723539089104,0.0684405046782092,0.07843296305177799,0.08240854592844729,0.0020003878357843,0.0119928462093532,0.0159684290860225
664,2022-04-28,0.007117019065412,0.0102499999999999,-0.0821568023130754,0.1595830581227323,51.70000076293945,51.70000076293945,50.59999847412109,50.79999923706055,48.591304779052734,143000,-0.0019646814503043,-0.0019646644039792,-0.0031329809345879,0.0075801167351408,0.0095447811391201,-0.0010913602563965,1.020310420102318,0.0654806344518011,0.018574484792569,0.0020003878357843993,-0.0213090647969655,0.0183863965210618,0.0283788548946306,0.0323544377712999,0.0550291662412011,0.0195372395126889,0.0235128223893582,0.0461875508592594
665,2022-04-29,0.0105240769798172,0.01035,-0.0159877094578465,0.2582948194191223,51.09999847412109,51.5,50.79999923706055,51.09999847412109,48.87826156616211,169000,0.0059054968812221,0.0059055172198849,0.0001740769798172,0.0158979755934537,0.0099924583735688,-0.0010909386448915,1.019905541691604,0.0655006213036796,0.0186128573560572,0.0195372395126889,0.0119928462093532,-0.0113166064233967,-0.0073410235467274,0.0153337049231738,0.0006632178089366995,0.0139680412502381,0.0366427697201393,0.0219722826059022
666,2022-05-03,-0.0056218832384797,0.01055,0.1873927616569913,-0.2332058287260632,51.5,51.5,50.70000076293945,50.900001525878906,48.68695831298828,40001,-0.0039138347204349,-0.003913871873591,-0.0161718832384797,6.171100307826062e-05,0.0039755828766693,-0.001083559480534,1.0217574482756535,0.065423605277133,0.018526223686192,0.0139680412502381,0.0235128223893582,0.0159684290860225,0.0386431575559237,0.0239726704416866,0.0404143756846298,0.0266503113465704,0.0119798242323333,0.0284215294752765
667,2022-05-04,0.0040566150419352,0.01055,-0.0339127585900705,0.0162363804359089,50.900001525878906,51.900001525878906,50.5,50.70000076293945,48.49565505981445,107000,-0.0039292879556745,-0.0039292504564367,-0.0064933849580648,0.0187454780134645,0.0226747284699012,-0.0010680367473265,1.0223865061458135,0.0653244558500308,0.0184090681988097,0.026650311346570497,0.0366427697201393,0.0461875508592594,0.0315170637450223,0.0479587689879655,0.0754695763358512,0.0080042413556641,0.0244459465986073,0.051956753946493
668,2022-05-05,0.0078649281011306,0.0106,-0.061481935793107,0.2941575231488486,51.29999923706055,52.0,51.0,51.59999847412109,49.35652160644531,329001,0.0177514338784688,0.0177514159891039,-0.0027350718988693,0.0030809288748667,-0.0146704871142371,-0.0010622673039886,1.023808607949014,0.0652760205165952,0.0183461424608216,0.0080042413556641,0.011979824232333397,0.0219722826059022,0.0384139878488454,0.0659247951967311,0.066961573069603,0.0017712181287061,0.0292820254765918,0.0303188033494637
669,2022-05-06,-0.0172447213301463,0.0106,0.0592666561109376,-0.5286585960258245,51.29999923706055,51.29999923706055,50.59999847412109,50.79999923706055,48.591304779052734,87001,-0.0155038616418132,-0.0155038645853975,-0.0278447213301463,0.0009378406575457,0.0164417052429432,-0.0010630740061665,1.019826475112393,0.0655157368708436,0.0185703890528059,0.001771218128706101,0.0244459465986073,0.028421529475276597,0.0559323368231623,0.056969114696034204,0.0579088263758009,0.0439525125908289,0.0449892904637008,0.0459290021434675
670,2022-05-09,-0.0218963270792351,0.0139,-0.143942728901193,-0.29079714334991,50.5,50.5,49.45000076293945,49.45000076293945,47.30000305175781,138000,-0.026574773511733,-0.0265747489837233,-0.0357963270792351,0.0009360583641624,0.0275108073478857,-0.0010630390487872,1.0195660095171424,0.065528205409204,0.0185866656710494,0.0439525125908289,0.029282025476591804,0.051956753946493,0.052993531819364906,0.0539332434991316,0.0755748103899089,0.0285475852207576,0.0294872969005243,0.0511288637913016
671,2022-05-10,0.0007963323077012,0.01359,0.0981264442440073,-0.0555088117862482,48.29999923706055,50.29999923706055,48.29999923706055,49.70000076293945,47.53913116455078,252000,0.0050556116510186,0.0050555623121484,-0.0127936676922988,0.0060923401850203,0.0010367778728719,-0.0010521461138473,1.024211738172712,0.0652632492606846,0.0183737595143868,0.0285475852207576,0.0449892904637008,0.030318803349463703,0.0312585150292304,0.052900081920007704,0.0381228945003862,0.0019764895526386,0.0236180564434159,0.0088408690237944
672,2022-05-11,-0.003452324139924,0.01355,-0.1171533022154301,0.1849547883708659,49.95000076293945,50.900001525878906,49.59999847412109,50.400001525878906,48.20869827270508,165001,0.0140845221769379,0.014084546598815,-0.017002324139924,0.0150242582785818,0.0009397116797667,-0.0010665754074065,1.023176633670328,0.0653409673249978,0.0184670320672417,0.0019764895526386,0.0294872969005243,0.0459290021434675,0.0675705690342448,0.0527933816146233,0.0625437767627499,0.022581278570544,0.0078040911509225,0.0175544862990491
673,2022-05-12,-0.0243386372510738,0.01385,0.0825266502551274,-0.4701330881657879,49.70000076293945,50.5,49.70000076293945,49.84999847412109,47.68260955810547,112001,-0.0109127586330608,-0.0109127342875688,-0.0381886372510738,0.0107288326032084,0.0216415668907773,-0.0010658406675101,1.0235421778950178,0.0653495764580534,0.0184634812062114,0.022581278570544,0.0236180564434159,0.051128863791301604,0.0363516763716801,0.046102071519806706,0.05103694897349981,0.0068643794711558,0.0166147746192824,0.0215496520729755
674,2022-05-13,0.0138224229402156,0.0144,0.0685406122521494,0.3431399906510197,50.59999847412109,51.0,50.20000076293945,50.900001525878906,48.68695831298828,118302,0.0210632514322524,0.021063208666441,-0.0005775770597843,0.0062860212468195,-0.0147771874196215,-0.0010677484146291,1.0223196259550464,0.0653994688006642,0.0185193697348942,0.0068643794711558005,0.007804091150922501,0.0088408690237944,0.018591264171921,0.023526141625614103,0.007622723869395602,-0.0050267922714949,-9.19148178017996e-05,-0.0159953325740203
675,2022-05-16,0.0043265325608521,0.01415,-0.1066852870526447,0.3040689207523088,51.59999847412109,51.59999847412109,50.5,50.79999923706055,48.591304779052734,101000,-0.0019646814503043,-0.0019646644039792,-0.0098234674391479,0.0077857307441474,0.0097503951481266,-0.0010926233664158,1.0145509798536985,0.0657654675365465,0.0187583921576787,-0.0050267922714949,0.016614774619282402,0.0175544862990491,0.0224893637527422,0.0065859459965237,0.0131849652392956,0.0146852726018197,-0.0012181451543987,0.0053808740883731
676,2022-05-17,0.0097509222231127,0.01365,-0.0706958950747067,0.4287732035036467,51.0,51.70000076293945,51.0,51.400001525878906,49.16521835327149,80001,0.0118110688549112,0.0118110344397701,-0.0038990777768873,0.0167459118934633,0.0049348774536931,-0.0010971398112976,1.0149522000957698,0.0657731430119253,0.0187361044970916,0.014685272601819701,-9.19148178017996e-05,0.021549652072975503,0.0056462343167570025,0.012245253559528903,-0.0206908196085852,-0.0109685403025254,-0.0043695210597534,-0.0373055942278676
677,2022-05-18,0.0149955879766219,0.01315,-0.0544387954369776,0.238517116326634,52.0,52.59999847412109,51.59999847412109,51.900001525878906,49.64347839355469,121000,0.0097276261703661,0.0097276094015632,0.0018455879766219,-0.0061758083546552,-0.0159034177562185,-0.0010951115672553,1.016724282377705,0.0656705102390713,0.0186201546624368,-0.0109685403025254,-0.0012181451543987996,-0.0159953325740203,-0.0093963133312484,-0.0423323864993625,-0.0349094773718085,-0.0093043985134466,-0.0422404716815607,-0.0348175625540067
678,2022-05-19,-0.0169689150607458,0.01295,0.1899395064288355,-0.456003515570147,51.09999847412109,52.0,51.0,51.900001525878906,49.64347839355469,115000,0.0,0.0,-0.0299189150607457,0.0065990192427719,0.0065990192427719,-0.0010910898282912,1.018490101231057,0.0655584132375732,0.0185480053713335,-0.0093043985134466,-0.004369521059753499,0.0053808740883731,-0.027555199079741,-0.020132289952187,0.0017805125281720006,-0.0263370539253422,-0.0189141447977882,0.0029986576825708
679,2022-05-20,0.007773208927529,0.0125499999999999,-0.1071311981552027,0.2268616007470079,52.29999923706055,54.09999847412109,52.29999923706055,53.70000076293945,51.36521911621094,570002,0.034682065205008,0.0346821129052832,-0.0047767910724709,0.001746039737169,-0.0329360731681141,-0.0010969785269058,1.0185479654365768,0.0655737758067149,0.0185515429578169,-0.0263370539253422,-0.0422404716815607,-0.037305594227867604,-0.029882685100313604,-0.007969882619954603,-0.0404688655002384,-0.0255131640405601,-0.0036003615602011,-0.0360993444404849
680,2022-05-23,0.0007160516916978,0.01165,0.1009686856880903,-0.2091568041451426,53.70000076293945,54.79999923706055,53.20000076293945,53.900001525878906,51.556522369384766,319000,0.0037244089403715,0.0037243733496203,-0.0109339483083022,0.0111472824771744,0.007422909127554,-0.0011079751406528,1.014780612130232,0.0657253616149675,0.0187606245272549,-0.025513164040560102,-0.0189141447977882,-0.0348175625540067,-0.012904760073647697,-0.0454037429539315,-0.030478087881383002,0.029335711607913,-0.0031632712723707,0.0117623838001777
681,2022-05-24,-0.0119321230132873,0.01185,0.0002254124555063,-0.3858842387196146,54.0,54.400001525878906,52.900001525878906,53.0,50.69565200805664,154002,-0.016697615962901,-0.0166976033635528,-0.0237821230132873,0.0052151991168061,0.021912802480359,-0.0010977565879573,1.0140894934263651,0.0656454260145547,0.0186778311273544,0.029335711607913,-0.0036003615602011006,0.0029986576825708003,-0.029500325197713,-0.0145746701251645,-0.0215458888615307,-0.0105861803999247,0.0043394746726237,-0.0026317440637424
682,2022-05-25,0.0087950166507032,0.01105,0.0528363258381948,0.226100135061012,53.5,56.400001525878906,53.20000076293945,55.29999923706055,52.895652770996094,946135,0.0433962120200103,0.0433962416064759,-0.0022549833492968,0.010897258726192,-0.0324989828802838,-0.0011246720300833,1.0063800871823143,0.0656337419451084,0.0188648162186016,-0.010586180399924799,-0.0031632712723707983,-0.036099344440484904,-0.021173689367936406,-0.028144908104302604,-0.028507468169226304,-0.0175733278077353,-0.0245445465441015,-0.0249071066090252
683,2022-05-26,-0.0083954260527877,0.01105,0.095694561570206,-0.3304445864727552,56.0,56.0,54.5,54.70000076293945,52.321739196777344,275065,-0.0108498821410288,-0.0108499194953397,-0.0194454260527877,0.0040757355772088,0.0149256550725485,-0.0011247591171329,1.0063500208069611,0.0656353038824948,0.0188661837760595,-0.017573327807735302,0.004339474672623701,0.011762383800177701,0.004791165063811501,0.0044286049988878015,0.0163371558594455,0.0079544363361823,0.0075918762712586,0.0195004271318163
684,2022-05-27,0.0186231331276347,0.01105,-0.1759397037298114,0.5346570938829193,55.400001525878906,55.900001525878906,54.79999923706055,55.09999847412109,52.704345703125,226001,0.0073125723144897,0.0073125724072111,0.0075731331276347,0.0003413536708449,-0.0069712187363662,-0.00120081972045,0.9885286039815404,0.0661048308320901,0.0196440084869385,0.0079544363361823,-0.0245445465441015,-0.0026317440637424992,-0.0029943041286661994,0.008914246731891501,-0.0088425720331249,-0.0073337788012899,0.0045747720592678,-0.0131820467057486
685,2022-05-30,0.02117267686358,0.01135,-0.1220382645307377,0.6815103591347476,55.79999923706055,56.0,55.29999923706055,55.5,53.08695602416992,209002,0.0072595560246117,0.0072595592629136,0.00982267686358,0.0068969991979899,-0.0003625600649237,-0.0012548053853841,0.974872557340988,0.0664560188290841,0.0200572852736205,-0.0073337788012899,0.0075918762712586,-0.0249071066090252,-0.0129985557484675,-0.030755374513483903,-0.021372435367701503,0.011545990795634,-0.0062108279693824,0.0031721111763999
686,2022-05-31,0.0118689369105348,0.01165,-0.2189007947935257,0.4696318262085153,55.79999923706055,56.09999847412109,55.400001525878906,55.5,53.08695602416992,211001,0.0,0.0,0.0002189369105347,0.0119085508605577,0.0119085508605577,-0.0012473631046982,0.976643981584852,0.0663462843646028,0.0199513494913289,0.011545990795634,0.0045747720592678,0.0195004271318163,0.0017436083667999001,0.0111265475125823,0.0265232366256034,-0.0058482679044587,0.0035346712413236,0.0189313603543447
687,2022-06-01,-0.0078939497149407,0.01195,0.1606040900411302,-0.3817936678240539,55.79999923706055,57.59999847412109,55.59999847412109,56.900001525878906,54.42609024047852,757050,0.0252252527185388,0.0252252966943311,-0.0198439497149407,0.0074684779293146,-0.0177568187650164,-0.0012354801824024,0.9794880160924108,0.0662557383566894,0.0198130664848707,-0.005848267904458701,-0.006210827969382401,-0.013182046705748601,-0.0037991075599662014,0.011597581553054898,0.007802961874212198,-0.008373879619234,0.007022809493787,0.0032281898149443
688,2022-06-02,-0.0073474585383371,0.01225,0.1177544968398614,-0.2957069967741603,56.900001525878906,57.5,56.5,56.900001525878906,54.42609024047852,437050,0.0,0.0,-0.0195974585383371,0.0093829391457824,0.0093829391457824,-0.0012336662627194,0.979900260441473,0.0662382790315341,0.0197906730586175,-0.008373879619234002,0.0035346712413236985,0.003172111176399999,0.018568800289421098,0.014774180610578398,0.0210047734267317,0.0247796282588034,0.0209850085799607,0.0272156013961141
689,2022-06-06,0.0032255186954065,0.01225,-0.0246389833466201,0.021326364179579,57.0,57.09999847412109,56.0,56.09999847412109,53.66086959838867,168012,-0.0140598072109709,-0.0140598128344102,-0.0090244813045935,0.0013368762786108,0.0153966891130211,-0.0012386750074591,0.9800468041462068,0.0662270295501757,0.0197655602752545,0.024779628258803497,0.007022809493787098,0.018931360354344798,0.015136740675502098,0.0213673334916554,0.005767778791896699,0.0116020694341784,0.0178326622503317,0.0022331075505729
690,2022-06-07,-0.0056052208285522,0.01265,0.138789358273441,-0.130775501374975,56.09999847412109,57.20000076293945,56.0,56.09999847412109,53.66086959838867,219230,0.0,0.0,-0.0182552208285522,-0.0037946196788427,-0.0037946196788427,-0.001264470143742,0.9724383036087604,0.0665459176930849,0.0200062565586345,0.0116020694341784,0.020985008579960798,0.003228189814944398,0.009458782631097697,-0.006140772068661003,-0.0161384075900199,0.0024359731373106,-0.013163581562448,-0.023161217083807
691,2022-06-08,0.009545815027213,0.01265,-0.1360279796184241,0.3624220011048389,56.79999923706055,57.0,56.09999847412109,56.09999847412109,53.66086959838867,150000,0.0,0.0,-0.0031041849727869,0.0062305928161533,0.0062305928161533,-0.0012717596825089,0.965070354669496,0.0666698970826826,0.0203775807124367,0.0024359731373106005,0.0178326622503317,0.0272156013961141,0.011616046696355398,0.0016184111749964984,-0.007948722147756302,-0.0093689618836054,-0.0193665974049642,-0.0289337307277171
692,2022-06-09,-0.0029495151957734,0.01265,0.0375659408563483,-0.0169356936509372,56.400001525878906,56.70000076293945,55.70000076293945,56.09999847412109,53.66086959838867,140002,0.0,0.0,-0.0155995151957733,-0.0155995546997587,-0.0155995546997587,-0.0012696990429438,0.9651054922518424,0.0666726785897016,0.0203722175120102,-0.0093689618836054,-0.013163581562448099,0.0022331075505729985,-0.0077645279707859016,-0.017331661293538702,-0.0333470162245538,-0.0255971902211176,-0.0351643235438704,-0.0511796784748855
693,2022-06-10,-0.0096996213687082,0.01265,0.1119851640126377,-0.2622774010381214,56.5,57.70000076293945,56.20000076293945,57.09999847412109,54.61738967895508,606100,0.0178253124277944,0.0178252810236814,-0.0223496213687082,0.0078276455023225,-0.0099976355213589,-0.0012658724855732,0.9648839208838402,0.0666370598637258,0.0203462884504165,-0.025597190221117602,-0.019366597404964297,-0.023161217083807,-0.0327283504065598,-0.048743705337574904,-0.046923165832987404,-0.0195647688441117,-0.0355801237751268,-0.0337595842705393
694,2022-06-13,-0.0236413034772374,0.01335,0.0246731827140058,-0.5119861357980768,57.900001525878906,59.59999847412109,57.29999923706055,57.79999923706055,55.286956787109375,1507280,0.0122592080848602,0.0122592293789589,-0.0369913034772374,0.0026920960562061,-0.0095671333227528,-0.0012994547477723,0.954232431134737,0.0673150681361886,0.0209852950418384,-0.0195647688441117,-0.035164323543870404,-0.0289337307277171,-0.0449490856587322,-0.0431285461541447,-0.0078827466431277,-0.0255824882537679,-0.0237619487491804,0.0114838507618365
695,2022-06-14,-0.0014691295038538,0.01345,1.3635053971828772,-1.132963021034415,58.0,58.29999923706055,55.79999923706055,57.29999923706055,54.80869674682617,636066,-0.0086505191453256,-0.0086505039900245,-0.0149191295038538,-0.0246658589210396,-0.0160153549310151,-0.0013003783974839,0.9544318565127632,0.0673102679859271,0.0209857487166881,-0.025582488253767903,-0.0355801237751268,-0.051179678474885505,-0.049359138970298005,-0.014113339459281005,-0.014015551676686954,-0.0141948154264276,0.0210509840845894,0.0211487718671834
696,2022-06-15,-0.0029986294848375,0.01365,0.0521758239726587,-0.1147562457425232,57.29999923706055,57.59999847412109,56.5,57.09999847412109,54.61738967895508,239276,-0.0034904147574594,-0.0034904509544312,-0.0166486294848375,-0.0016699114498436,0.0018205395045875,-0.0013011304685701,0.955911027428251,0.0672745507325979,0.0208567486567364,-0.014194815426427601,-0.023761948749180403,-0.0337595842705393,0.0014862152404776993,0.0015840030230717499,0.06797818140746716,0.0370663390156045,0.0371641267981985,0.1035583051825939
697,2022-06-16,-0.0100404486733753,0.01355,-0.2130531173825734,-0.0862415904331155,57.900001525878906,57.900001525878906,55.5,55.900001525878906,53.46956634521485,384001,-0.021015708937121,-0.0210157120376351,-0.0235904486733753,0.0142300874733818,0.035245799511017,-0.0012693730980248,0.9640636303269148,0.0668505016064236,0.0202831831628444,0.0370663390156045,0.0210509840845894,0.011483850761836598,0.011581638544430648,0.07797581692882605,0.017185585790593247,0.035343587293611,0.1017377656780064,0.0409475345397736
698,2022-06-17,-0.0124600947657021,0.01185,0.0579833658091873,-0.301527936598286,55.5,56.400001525878906,55.0,56.20000076293945,53.75652313232422,248008,0.0053667125021751,0.0053667311467739,-0.0243100947657021,0.005464518929368,9.778778259405056e-05,-0.0012653434372445,0.9657609911831532,0.0668348743524482,0.0201871579455865,0.035343587293611055,0.037164126798198555,0.02114877186718345,0.08754295025157885,0.02675271911334605,0.03452829155262865,0.0664919661669894,0.0057017350287566,0.0134773074680392
699,2022-06-20,-0.0174972918806367,0.01265,-0.3115267376495046,-0.0844210070127259,55.70000076293945,56.5,52.20000076293945,52.20000076293945,49.93043518066406,612170,-0.0711743762579761,-0.071174393891548,-0.0301472918806367,-0.0047802155071525,0.0663941783843954,-0.0012516226382284,0.9611532353640472,0.0670982172032182,0.0202294680456239,0.06649196616698945,0.10173776567800646,0.10355830518259396,0.04276807404436116,0.050543646483643755,0.015209379910417355,0.0056039472461626,0.0133795196854452,-0.0219547468877812
700,2022-06-21,0.023494887840308,0.01235,0.1561043102453213,0.4063282077881895,53.79999923706055,55.79999923706055,52.900001525878906,55.70000076293945,53.278263092041016,650011,0.067049807449139,0.0670498444338298,0.0111448878403079,0.006259613295597,-0.0607902311382328,-0.0012524747232073,0.9597040878061136,0.067158997973177,0.0202664623004355,0.005603947246162602,0.005701735028756649,0.040947534539773664,0.04872310697905626,0.013388840405829862,0.011960207449887062,-0.0530146586989502,-0.0883489252721766,-0.0897775582281194
701,2022-06-22,-0.0242163122146,0.01205,0.0113953269543717,-0.4744939000377498,56.0,56.5,55.20000076293945,55.5,53.08695602416992,261000,-0.003590677921005,-0.0035907151766678,-0.0362663122146,0.0041848572626148,0.0077755724392826,-0.0012575266740647,0.9619966939889264,0.0671170678403047,0.0201804199455349,-0.0530146586989502,0.013379519685445202,0.013477307468039249,-0.021856959105187153,-0.023285592061129953,-0.021357279014291554,-0.0275586941339438,-0.0289873270898866,-0.0270590140430482
702,2022-06-23,-0.0111618686981805,0.01215,0.3076642621100297,-0.1958334544411552,55.79999923706055,58.09999847412109,55.79999923706055,57.79999923706055,55.286956787109375,838100,0.0414414276947846,0.0414414562013654,-0.0233118686981805,0.0061071896281389,-0.0353342665732264,-0.0012564539871231,0.9622774267933344,0.0671029569577811,0.0201682000987208,-0.027558694133943802,-0.08834892527217661,-0.0219547468877812,-0.023383379843724,-0.0214550667968856,-0.0395117579438818,-0.0367628995291692,-0.0348345864823308,-0.052891277629327
703,2022-06-24,0.0083603189694141,0.01245,0.1261695397536914,0.0543659529513408,59.09999847412109,60.79999923706055,58.59999847412109,58.70000076293945,56.1478271484375,1448033,0.0155709608608755,0.015570948580929,-0.0040896810305859,0.0141423156249861,-0.0014286329559428,-0.0012486822386682,0.9647937295545616,0.0670361311833575,0.0200333758196428,-0.0367628995291692,-0.028987327089886602,-0.0897775582281194,-0.08784924518128101,-0.10590593632827722,-0.10637234809588891,0.0004996800908956,-0.0175570110561006,-0.0180234228237123
704,2022-06-27,0.0159893048128342,0.01232,0.0105235680946266,0.4445028111702603,59.0,59.5,58.29999923706055,58.79999923706055,56.24347686767578,747000,0.0017035514961054,0.0017035337624982,0.0036693048128341,0.0036318468093366,0.0019283130468384,-0.001251218103191,0.9640770784517958,0.0670643139506062,0.0200642125762503,0.0004996800908956,-0.0348345864823308,-0.027059014043048203,-0.0451157051900444,-0.045582116957656106,-0.0439866820879973,-0.0161283781001578,-0.0165947898677695,-0.0149993549981107
705,2022-06-28,-0.0069520051363085,0.01175,-0.0841790365529224,-0.1478413713575094,60.0,60.400001525878906,59.09999847412109,59.59999847412109,57.00869369506836,636010,0.0136054293782426,0.0136054324876271,-0.0187020051363085,-0.004451258659369,-0.0180566911469962,-0.0012843071002043,0.9530641144277832,0.0675004234583598,0.0204433283317412,-0.0161283781001578,-0.0175570110561006,-0.052891277629327,-0.053357689396938704,-0.0517622545272799,0.0065555571479591,-0.0185231029146079,-0.0169276680449491,0.0413901436302899
706,2022-06-29,-0.0129398364805921,0.01205,-0.0277506434551567,-0.1101802287072837,60.20000076293945,60.5,59.400001525878906,59.59999847412109,57.00869369506836,616004,0.0,0.0,-0.0249898364805921,-0.0004664117676117,-0.0004664117676117,-0.0013437558546597,0.9323322550158908,0.067613191103725,0.0207941490389268,-0.0185231029146079,-0.0165947898677695,-0.0180234228237123,-0.0164279879540535,0.0418898237211855,0.0475544562720943,0.0011290231020471,0.0594468347772861,0.0651114673281949
707,2022-06-30,-0.027191330864565,0.01205,0.0336104173042731,-0.552719705231242,60.29999923706055,60.29999923706055,58.29999923706055,58.400001525878906,55.860870361328125,464001,-0.0201341774994044,-0.0201341805844522,-0.039241330864565,-0.0185387457147933,0.0015954348696588,-0.0012641797984004,0.955655683476332,0.0602656670626259,0.0189286140581009,0.0011290231020471,-0.0169276680449491,-0.014999354998110701,0.0433184566771283,0.048983089228037104,0.013840248308650605,0.0599132465448978,0.0655778790958066,0.0304350381764201
708,2022-07-01,-0.032554914689859,0.01245,0.0270826055371404,-0.8478105967092202,58.400001525878906,58.70000076293945,55.400001525878906,55.5,53.08695602416992,469001,-0.0496575590771829,-0.0496575566978375,-0.045004914689859,0.0086602549774015,0.058317811675239,-0.0012633430953497,0.9559864576539058,0.0602539761944949,0.0189161495542475,0.059913246544897804,0.0594468347772861,0.0413901436302899,0.0470547761811987,0.011911935261812202,0.037707098024000504,0.0639824442261478,0.0288396033067612,0.0546347660689496
709,2022-07-04,-0.0087861538195479,0.0125499999999999,0.4130572609037726,-0.2581878235849525,55.29999923706055,56.79999923706055,54.70000076293945,55.900001525878906,53.46956634521485,349001,0.0072072347005208,0.0072072378923124,-0.0213361538195479,0.0128718704432213,0.0056646325509088,-0.001265078454488,0.9548287927449858,0.0602119295933876,0.018933449179621,0.0639824442261478,0.0655778790958066,0.0651114673281949,0.029968626408808395,0.0557637891709967,0.0424518323849347,-0.0294782083684777,-0.0036830456062894,-0.0169950023923514
710,2022-07-05,0.0092945115933769,0.0125499999999999,0.0663181349935553,0.157171711180231,57.59999847412109,58.70000076293945,56.79999923706055,57.79999923706055,55.286956787109375,322000,0.0339892246747441,0.0339892497006788,-0.003255488406623,-0.0011535912187077,-0.0351428409193865,-0.0012801255554655,0.9479068549927188,0.0603613669159789,0.0191076704694705,-0.0294782083684777,0.028839603306761295,0.030435038176420105,0.05623020093860841,0.04291824415254641,0.032467714160093905,-0.0093476781571982,-0.0226596349432602,-0.0331101649357127
711,2022-07-06,-0.0253456934698219,0.01145,0.1058304936583081,-0.408985094874764,58.59999847412109,58.59999847412109,56.0,56.0,53.565216064453125,241000,-0.0311418557235276,-0.031141897161858,-0.0367956934698219,-0.0053467343996696,0.0257951627621883,-0.0012360275984796,0.9632460227716936,0.0608449213297661,0.0188270831049711,-0.0093476781571982,-0.0036830456062894,0.0546347660689496,0.0413228092828876,0.030872279290435095,0.039192541778266095,0.0124832059761262,0.0020326759836737,0.0103529384715047
712,2022-07-07,0.0250802274284726,0.01195,-0.2765229943883188,0.8996346419469394,57.0,57.59999847412109,55.20000076293945,57.5,55.0,298001,0.0267857142857142,0.0267857397199788,0.0131302274284726,0.0134737829339168,-0.013311956786062,-0.0012556837519844,0.9559499086531038,0.0617695347124555,0.0195159920477054,0.012483205976126299,-0.0226596349432602,-0.0169950023923514,-0.0274455323848039,-0.0191252698969729,0.010912428803313601,-0.0237624867785145,-0.0154422242906835,0.0145954744096029
713,2022-07-08,0.0089465911552457,0.01185,-0.0797601166713019,0.310769529403323,57.59999847412109,59.20000076293945,57.59999847412109,58.400001525878906,55.860870361328125,465050,0.0156522004500679,0.015652188387784,-0.0029034088447543,0.0052016583953315,-0.0104505299924525,-0.0012970364887317,0.942347123411776,0.0618650908724351,0.0197755672218494,-0.023762486778514502,0.002032675983673798,-0.0331101649357127,-0.0247899024478817,0.005247796252404801,0.000879361349128401,-0.0021302675046215,0.027907431195665,0.0235389962923886
714,2022-07-11,-0.0085726945608259,0.01245,0.07223913191524,-0.1802415074579934,59.70000076293945,59.70000076293945,58.400001525878906,58.400001525878906,55.860870361328125,312000,0.0,0.0,-0.0210226945608259,0.008320262487831,0.008320262487831,-0.0014582975282425,0.9094114749265328,0.063737767345361,0.0213193890522467,-0.0021302675046215008,-0.015442224290683502,0.010352938471504798,0.0403906371717913,0.036022202268514894,0.03916202335348409,0.0383579611881175,0.0339895262848411,0.0371293473698103
715,2022-07-12,-0.0271893820392554,0.01245,-0.0158947418882411,-0.5155152213703975,59.09999847412109,59.09999847412109,56.0,56.79999923706055,54.3304328918457,335003,-0.0273972987502294,-0.0273973079829047,-0.0396393820392554,0.0026403907173817,0.0300376987002865,-0.001458123788025,0.9095999477898418,0.0637209533496722,0.0213074720805087,0.038357961188117504,0.027907431195665,0.014595474409602998,0.010227039506326599,0.013366860591295798,0.027059359674861297,0.0256692637970101,0.0288090848819793,0.0425015839655448
716,2022-07-13,0.0268131141963825,0.01235,-0.3269211437281965,0.6849936491441239,58.09999847412109,58.5,57.5,57.5,55.0,289002,0.0123239572595402,0.0123239788920361,0.0144631141963824,0.0079555439887597,-0.0043684349032764,-0.0014188414486171,0.919524416304702,0.063105868633511,0.0206530539055626,0.0256692637970101,0.0339895262848411,0.023538996292388602,0.026678817377357802,0.040371316460923304,0.03653320166482921,-0.0012286138183071,0.0124638852652583,0.0086257704691642
717,2022-07-14,0.007947112691765,0.01235,0.0280086673291011,0.2388542490782967,55.0,55.79999923706055,54.20000076293945,55.09999847412109,55.09999847412109,365000,-0.041739156971807,0.0018181540749289,-0.004402887308235,0.0049579751598981,0.0031398210849692,-0.001407187655215,0.9151087440807166,0.0629106659479652,0.0206616214219677,-0.0012286138183071997,0.0288090848819793,0.0371293473698103,0.0508218464533758,0.0469837316572817,0.0460874024433003,0.0168323201685347,0.0129942053724406,0.0120978761584592
718,2022-07-15,0.007763994479827,0.01245,-0.3380408930118558,0.6308581586777842,55.09999847412109,55.400001525878906,54.400001525878906,54.70000076293945,54.70000076293945,249146,-0.0072594867923545,-0.0072594867923544,-0.004686005520173,0.006433012291211,0.0136924990835655,-0.0014460504228233,0.905438212345265,0.0631391316457276,0.0210146600341329,0.0168323201685347,0.0124638852652583,0.0425015839655448,0.0386634691694507,0.0377671399554693,0.0646686279966489,0.0098543842874714,0.00895805507349,0.0358595431146696
719,2022-07-18,0.0116159675593723,0.0125499999999999,0.0536828830328146,0.1435198527309523,54.5,55.5,54.5,55.0,55.0,244001,0.0054844466704981,0.0054844466704981,-0.0009340324406276,0.001646331874404,-0.0038381147960941,-0.0014665283938777,0.8987592407379741,0.0631821104783492,0.0211260821735433,0.0098543842874714,0.012994205372440601,0.0086257704691642,0.0077294412551828,0.0346309292963624,0.022392730918738196,-0.0047344440100755,0.0221670440311041,0.0099288456534798
720,2022-07-19,-0.001736426361172,0.0125499999999999,0.1404590723473947,-0.2064792989772673,55.0,55.400001525878906,54.59999847412109,54.79999923706055,54.79999923706055,118066,-0.00363637750799,-0.00363637750799,-0.0142864263611719,-0.0045327067219715,-0.0008963292139814,-0.0014693655897068,0.8993244311229387,0.0632471281435927,0.0211775774799908,-0.0047344440100755,0.00895805507349,0.012097876158459201,0.0389993641996388,0.0267611658220146,0.011290086613486598,0.0260051588271982,0.013766960449574,-0.001704118758954
721,2022-07-20,0.0026636338055464,0.01245,-0.035980874250177,0.1990616174810879,55.59999847412109,55.59999847412109,53.29999923706055,53.5,53.5,428003,-0.0237226141452457,-0.0237226141452456,-0.0097863661944536,0.0031788738959339,0.0269014880411796,-0.0014485797780209,0.903563435590622,0.0629604244569535,0.0209699688102921,0.0260051588271982,0.0221670440311041,0.0358595431146696,0.0236213447370454,0.008150265528517399,0.0005426429982765988,0.0146632896635554,-0.0008077895449726,-0.0084154120752134
722,2022-07-21,0.0138788718654173,0.0125499999999999,-0.0434561104993353,0.2786998849347993,53.70000076293945,54.0,52.5,53.900001525878906,53.900001525878906,321000,0.0074766640351197,0.0074766640351198,0.0013288718654173,-0.0047615343425043,-0.0122381983776242,-0.0014593012278717,0.8986623486580231,0.0632906924795652,0.021269844410108,0.0146632896635554,0.013766960449574,0.009928845653479899,-0.005542233555048102,-0.013149856085288902,0.006341905921535898,-0.0277092775861522,-0.035316900116393,-0.0158251381095681
723,2022-07-22,0.0007805857727455,0.01225,0.0002556486931163,-0.039915584862701,54.09999847412109,55.09999847412109,54.09999847412109,54.29999923706055,54.29999923706055,263003,0.0074211076040432,0.0074211076040431,-0.0114694142272545,-0.0080499716044849,-0.015471079208528,-0.0014400089211873,0.9030339328208448,0.0631604978458559,0.0211230900171794,-0.0277092775861522,-0.0008077895449726015,-0.0017041187589540013,-0.009311741289194802,0.010180020717629999,-0.012948016522508602,-0.0230787017387688,-0.0035869397319439,-0.0267149769720826
724,2022-07-25,-0.0008716274898101,0.01215,0.0598834850122611,-0.1004028739066181,54.20000076293945,54.20000076293945,53.59999847412109,54.0,54.0,119006,-0.0055248479056293,-0.0055248479056293,-0.0130216274898101,-0.0131324704358701,-0.0076076225302408,-0.001445170128058,0.9017714398200062,0.0632032103733163,0.0212130229556076,-0.0230787017387688,-0.035316900116393,-0.008415412075213402,0.011076349931611398,-0.012051687308527202,-0.024119744655958102,0.011884139476584,-0.0112438977635546,-0.0233119551109855
725,2022-07-26,-0.0086734695879031,0.01195,0.0127158785088188,-0.1773145718907045,54.400001525878906,54.400001525878906,52.79999923706055,53.09999847412109,53.09999847412109,173002,-0.0166666949236834,-0.0166666949236835,-0.0206234695879031,0.0028250670831413,0.0194917620068248,-0.0014508452406103,0.8997580509726015,0.0632764792160674,0.0213271182788718,0.011884139476584,-0.0035869397319439993,-0.015825138109568197,-0.0389531753497068,-0.051021232697137694,-0.0813462605433484,-0.0036362752333138,-0.0157043325807447,-0.0460293604269554
726,2022-07-27,0.0077538511541541,0.01185,-0.0001219108284222,0.2664350731183441,52.70000076293945,53.79999923706055,52.70000076293945,53.79999923706055,53.79999923706055,145000,0.013182688946415,0.0131826889464152,-0.0040961488458459,-0.0099453482937233,-0.0231280372401386,-0.0014603957614551,0.8968231399361208,0.0633789172169969,0.0214346124152947,-0.0036362752333138,-0.0112438977635546,-0.0267149769720826,-0.0387830343195135,-0.0691080621657242,-0.0911302045766583,-0.0351960945875695,-0.0655211224337802,-0.0875432648447143
727,2022-07-28,-0.0019896977088829,0.01145,-0.1226177735849414,-0.0352868161048622,54.20000076293945,55.29999923706055,54.20000076293945,54.5,54.5,414100,0.0130111667818993,0.0130111667818992,-0.0134396977088829,0.0009431094344683,-0.0120680573474309,-0.0014734879056415,0.8926205961187701,0.0633765800845024,0.0215018273505316,-0.035196094587569504,-0.0157043325807447,-0.0233119551109855,-0.0536369829571962,-0.0756591253681303,-0.0732403699460254,-0.0423930851936416,-0.0644152276045757,-0.0619964721824708
728,2022-07-29,0.0072636748190376,0.01115,-0.0965799966769469,0.2204654063555118,54.5,56.20000076293945,54.5,56.09999847412109,56.09999847412109,522001,0.0293577701673595,0.0293577701673593,-0.0038863251809624,-0.0009672576788514,-0.0303250278462107,-0.0014826498483215,0.8921026259065643,0.0634474688934795,0.0214908038268084,-0.0423930851936416,-0.06552112243378021,-0.0460293604269554,-0.0680515028378895,-0.06563274741578459,-0.025898008171107594,-0.0523471702571448,-0.0499284148350399,-0.0101936755903629
729,2022-08-01,-0.0012253197771468,0.01135,0.0645538818104742,-0.1667065799356434,56.09999847412109,57.09999847412109,56.09999847412109,56.70000076293945,56.70000076293945,422020,0.010695228255579,0.0106952282555792,-0.0125753197771468,-0.0113269141553549,-0.0220221424109341,-0.0014649264151633,0.8969342534407264,0.0631890272229931,0.0212155566650162,-0.052347170257144804,-0.0644152276045757,-0.08754326484471431,-0.0851245094226094,-0.04538977017793241,-0.048589785987722005,-0.0196033869888292,0.0201313522558478,0.0169313364460582
730,2022-08-02,-0.0156497667628278,0.01155,0.0657451211493513,-0.373340809908619,56.20000076293945,57.0,55.400001525878906,56.900001525878906,56.900001525878906,418004,0.0035273502689294,0.0035273502689294,-0.0271997667628278,0.0059461056910343,0.0024187554221049,-0.00144859795306,0.9005796888607823,0.0631388796154206,0.0210309890008102,-0.0196033869888292,-0.0499284148350399,-0.0619964721824708,-0.0222617329377938,-0.0254617487475834,-0.0296493971375621,0.0421534946667819,0.0389534788569923,0.0347658304670136
731,2022-08-03,0.002019976738217,0.01175,-0.3019039450755829,0.1914544961171989,57.29999923706055,57.29999923706055,55.0,55.0,55.0,250003,-0.0333919415628619,-0.0333919415628619,-0.009730023261783,0.0063427976818151,0.039734739244677,-0.0014528388312404,0.9018224668094156,0.0630119848566821,0.0209315397724968,0.0421534946667819,0.0201313522558478,-0.010193675590362904,-0.013393691400152504,-0.017581339790131205,-0.039992153147489204,0.0365347234348874,0.0323470750449087,0.0099362616875507
732,2022-08-04,-0.0050632223757486,0.01155,-0.0613497796990632,-0.132472076509224,54.900001525878906,55.29999923706055,53.59999847412109,54.79999923706055,54.79999923706055,298001,-0.00363637750799,-0.00363637750799,-0.0166132223757486,-0.0068363933177797,-0.0032000158097896,-0.0014539002637225,0.9028592627788268,0.06294174035075,0.0208955407566386,0.0365347234348874,0.0389534788569923,0.0169313364460582,0.012743688056079498,-0.0096671253012785,-0.0196838679226255,-0.0073876641997682,-0.0297984775571263,-0.0398152201784733
733,2022-08-05,0.022706794854857,0.01155,-0.07237131881305,0.6592455621321228,54.900001525878906,55.5,54.70000076293945,55.29999923706055,55.29999923706055,107000,0.0091240877182687,0.0091240877182687,0.0111567948548569,0.00493643932829,-0.0041876483899787,-0.0014042829753989,0.9155676351080724,0.0624683709042459,0.0202665559430588,-0.0073876641997682995,0.032347075044908705,0.034765830467013606,0.012355017109655607,0.0023382744883086067,-0.047240763138038794,-0.0265984617473367,-0.0366152043686837,-0.086194241995031
734,2022-08-08,-0.0010394946257056,0.01215,0.1258717345681533,-0.0749781944130644,54.900001525878906,55.09999847412109,54.5,55.09999847412109,55.09999847412109,51000,-0.003616650374299,-0.0036166503742991,-0.0131894946257056,-0.0260274637316571,-0.022410813357358,-0.0014066898682946,0.9165128806800756,0.0624123438448024,0.0201905513963288,-0.0265984617473367,-0.0297984775571263,0.009936261687550706,-8.048093379629459e-05,-0.049659518560143695,-0.0519259989841802,-0.032427555978705,-0.0820065936050524,-0.0842730740290889
735,2022-08-09,0.0019886352554141,0.01175,0.1421380656074528,-0.1086764954183604,54.900001525878906,55.59999847412109,54.70000076293945,55.400001525878906,55.400001525878906,80001,0.0054447016345874,0.0054447016345875,-0.0097613647445859,-0.0045720409867594,-0.010016742621347,-0.0014044510274129,0.915371734419122,0.0624373673046792,0.020228781156499,-0.032427555978705,-0.0366152043686837,-0.039815220178473304,-0.0893942578048207,-0.0916607382288572,-0.0680559976344024,-0.0595957802476943,-0.0618622606717308,-0.038257520077276
736,2022-08-10,-0.0073926026735771,0.01175,0.1372111151828094,-0.3830464588442521,55.79999923706055,57.59999847412109,55.5,56.900001525878906,56.900001525878906,398220,0.0270758115286207,0.0270758115286207,-0.0191426026735771,-0.0225032260977267,-0.0495790376263474,-0.0014045480895772,0.916493341443984,0.0623896102470581,0.0201874286868325,-0.059595780247694394,-0.0820065936050524,-0.08619424199503109,-0.08846072241906759,-0.06485598182461279,-0.06243693259336279,-0.0518455180503839,-0.028240777455929,-0.025821728224679
737,2022-08-11,0.0173257741301943,0.01185,-0.1620885303632293,0.4354634358538767,57.400001525878906,57.70000076293945,56.5,57.400001525878906,57.400001525878906,303107,0.0087873459857921,0.0087873459857921,0.0054757741301942,0.0065208655617555,-0.0022664804240365,-0.0014010336478598,0.91814075769756,0.0623577776729325,0.0201390654091166,-0.0518455180503839,-0.061862260671730895,-0.0842730740290889,-0.0606683334346341,-0.0582492842033841,-0.0524282703578043,0.0213382601704183,0.0237573094016683,0.0295783232472481
738,2022-08-12,0.005995592766709,0.01163,0.0391342099473907,0.1858116779510405,57.900001525878906,58.0,57.0,57.400001525878906,57.400001525878906,176110,0.0,0.0,-0.0056344072332909,0.0236047405944548,0.0236047405944548,-0.0014026368988686,0.917702025744398,0.0623797740353735,0.0201640475976037,0.021338260170418302,-0.028240777455929098,-0.03825752007727609,-0.035838470846026094,-0.030017457000446293,-0.024445142222090894,0.0260237898257048,0.0318448036712846,0.03741711844964
739,2022-08-15,0.0083968956122306,0.0117,-0.0589085463414698,0.4308286511840708,57.5,58.29999923706055,57.5,58.29999923706055,58.29999923706055,328000,0.0156794022170169,0.015679402217017,-0.0033031043877694,0.018098451448267,0.00241904923125,-0.0013814819578881,0.9162854824013552,0.0621495668150254,0.0201184259058323,0.0260237898257048,0.023757309401668304,-0.025821728224679097,-0.020000714379099296,-0.014428399600743897,-0.012381812586175397,0.0082400630768298,0.0138123778551852,0.0158589648697537
740,2022-08-16,0.0002089012188607,0.01169,-0.0078461436040619,0.0490549747725619,58.29999923706055,59.70000076293945,58.09999847412109,59.0,59.0,741120,0.012006874307032,0.012006874307032,-0.0114810987811393,0.0178278881526119,0.0058210138455798,-0.0013782760586956,0.912403349413906,0.0622100887863558,0.020330464338419,0.0082400630768298,0.0318448036712846,0.029578323247248104,0.0351506380256035,0.037197225040172005,0.025863461656722205,0.0113933286239352,0.0134399156385037,0.0021061522550539
741,2022-08-17,0.0029103905953543,0.01185,-0.0281772258916198,-0.0421477164026149,59.59999847412109,59.59999847412109,58.29999923706055,58.900001525878906,58.900001525878906,297111,-0.0016948893918829,-0.0016948893918828,-0.0089396094046457,0.0038774253864725,0.0055723147783554,-0.0013680001725057,0.9118127448808372,0.0622333941338126,0.0203272839312134,0.0113933286239352,0.013812377855185201,0.037417118449640005,0.03946370546420851,0.028129942080758707,0.04417901726123241,0.0076189017929239,-0.0037148615905258,0.0123342135899478
742,2022-08-18,-0.0044415409069901,0.01185,0.1494030338234531,-0.1284463820191118,58.900001525878906,58.900001525878906,58.0,58.70000076293945,58.70000076293945,247017,-0.0033955986037042,-0.0033955986037043,-0.0162915409069901,-0.0013490115891357,0.0020465870145685,-0.0013800060134359,0.9054879669934754,0.0623378977250444,0.0204485908339642,0.0076189017929239,0.0134399156385037,0.015858964869753703,0.004525201486303903,0.020574276666777604,0.037005496258904404,-0.0092871763688813,0.0067618988115924,0.0231931184037192
743,2022-08-19,0.0007807167219259,0.01185,0.0867959007168846,-0.0606094750512286,58.09999847412109,58.70000076293945,57.79999923706055,58.20000076293945,58.20000076293945,206001,-0.0085178874531749,-0.0085178874531749,-0.0110692832780741,-0.0198516508366248,-0.0113337633834498,-0.0013979791625052,0.9066563432617724,0.0627088534070539,0.0204821969873205,-0.0092871763688813,-0.0037148615905258997,0.0021061522550539,0.018155227435527603,0.0345864470276544,0.0410205251673264,0.0047153117970239,0.0211465313891507,0.0275806095288227
744,2022-08-22,-0.0106199596656,0.01205,0.1064967198358958,-0.2434885258741676,57.29999923706055,58.0,57.20000076293945,57.5,57.5,151000,-0.0120275043601923,-0.0120275043601923,-0.0226699596656,0.0040215708202813,0.0160490751804737,-0.0013931734522047,0.9058516978786336,0.0626645005602789,0.0204777578689275,0.0047153117970239015,0.0067618988115924015,0.012334213589947803,0.028765433182074602,0.035199511321746604,0.0367165003101177,0.0324802947726005,0.0389143729122725,0.0404313619006436
745,2022-08-23,-0.0097900054339808,0.01215,0.0308378748405381,-0.2635867664495404,57.0,57.79999923706055,56.900001525878906,57.59999847412109,57.59999847412109,120001,0.0017391038977581,0.0017391038977581,-0.0219400054339808,0.018170323489885,0.0164312195921268,-0.0013664459103578,0.912850765769918,0.0622152264413384,0.019935345252186,0.032480294772600504,0.0211465313891507,0.023193118403719203,0.0296271965433912,0.031144185531762302,0.0329145664315467,0.0228652977317988,0.0243822867201699,0.0261526676199543
746,2022-08-24,-0.0017686416217783,0.01205,0.0149275950188597,-0.017727905240603,57.5,57.900001525878906,57.29999923706055,57.59999847412109,57.59999847412109,96100,0.0,0.0,-0.0138186416217783,0.006434078139672,0.006434078139672,-0.0013581068071011,0.9156799867765776,0.0620526026958316,0.0198037481218784,0.0228652977317988,0.0389143729122725,0.0275806095288227,0.0290975985171938,0.0308679794169782,0.0590108913449585,0.0079510671280431,0.0097214480278275,0.0378643599558078
747,2022-08-25,0.0086832540862457,0.01195,0.0280431279352548,0.2398781589189906,57.70000076293945,58.29999923706055,57.70000076293945,57.900001525878906,57.900001525878906,151000,0.0052083864532149,0.005208386453215,-0.0032667459137543,0.0067253754415862,0.0015169889883711,-0.001358644833914,0.9160669235542668,0.062017669313396,0.0197848669984974,0.0079510671280431,0.0243822867201699,0.0404313619006436,0.042201742800428,0.0703446547284083,0.06682306094753329,0.0032873698881554,0.0314302818161358,0.0279086880352608
748,2022-08-26,0.0051579068491608,0.01195,-0.0149082110698087,0.1097386339633936,58.0,58.900001525878906,57.70000076293945,58.0,58.0,166050,0.0017270893175434,0.0017270893175433,-0.0067920931508392,0.0034974702173278,0.0017703808997844,-0.0013247371091365,0.914819967269832,0.0620808026514701,0.0196635093845728,0.0032873698881554997,0.0097214480278275,0.0261526676199543,0.0542955795479346,0.0507739857670596,0.026625978703455098,0.0299132928277646,0.0263916990468896,0.0022436919832851
749,2022-08-29,-0.0230553636427147,0.01235,0.031305639531607,-0.4744658015884252,54.5,55.59999847412109,53.400001525878906,55.09999847412109,55.09999847412109,1410162,-0.050000026308257,-0.0500000263082571,-0.0354053636427147,-0.0218571143802768,0.0281429119279803,-0.0013283677323654,0.9151187196078624,0.0620843511889237,0.0196256112635833,0.029913292827764698,0.0314302818161358,0.0378643599558078,0.0343427661749328,0.010194759111328302,0.0278506420863346,0.0246213181471053,0.0004733110835008,0.0181291940585071
750,2022-08-30,0.0018383426939551,0.01215,0.1638245034157172,-0.0298952920269376,55.29999923706055,57.5,54.79999923706055,56.0,56.0,401001,0.0163339664392479,0.0163339664392481,-0.0103116573060449,0.012812372658373,-0.003521593780875,-0.0013146758596032,0.9190820904943704,0.0618683014698042,0.0194042278841133,0.0246213181471053,0.026391699046889698,0.027908688035260802,0.003760680971656303,0.021416563946662602,0.056730024669896205,-0.0276696008444795,-0.0100137178694732,0.0252997428537604
751,2022-08-31,0.0094833527368492,0.01235,-0.079975563160428,0.2637419263852504,55.29999923706055,55.900001525878906,55.20000076293945,55.79999923706055,55.79999923706055,179000,-0.0035714421953473,-0.0035714421953473,-0.0028666472631508,-0.0277194492589519,-0.0241480070636045,-0.0013238929286791,0.9170938785168864,0.0619555445163532,0.0195158180990203,-0.0276696008444795,0.0004733110835008006,0.002243691983285199,0.019899574958291498,0.0552130356815251,0.0688486830345711,-0.0064921240885982,0.0288213366346354,0.0424569839876814
752,2022-09-01,-0.0194482618438631,0.0125499999999999,0.0759727062326676,-0.5504326196167594,55.09999847412109,55.70000076293945,54.900001525878906,55.20000076293945,55.20000076293945,237001,-0.0107526609735613,-0.0107526609735613,-0.0319982618438631,0.006903222001445,0.0176558829750063,-0.0013318706753927,0.9137819252281436,0.0620662105845025,0.019661868327306,-0.0064921240885982,-0.0100137178694732,0.0181291940585071,0.053442654781740706,0.0670783021347867,0.0842243782085039,0.0529693436982399,0.0666049910512859,0.083751067125003
753,2022-09-02,-0.0087029812091425,0.01325,0.0832779527246962,-0.1591319680366154,55.5,55.70000076293945,54.5,54.59999847412109,54.59999847412109,207000,-0.0108696065312591,-0.0108696065312593,-0.0219529812091425,0.0244438541919742,0.0353134607232336,-0.0013337213905677,0.9137671586864852,0.0620726498852838,0.0196656374032112,0.0529693436982399,0.028821336634635403,0.025299742853760403,0.038935390206806406,0.0560814662805236,0.0587986290560528,0.0489491080762796,0.0660951841499968,0.068812346925526
754,2022-09-05,-0.0008137665852278,0.01295,-0.1331942436232691,-0.029796712703449,54.79999923706055,55.20000076293945,54.0,54.0,54.0,281001,-0.0109889833496145,-0.0109889833496144,-0.0137637665852278,0.0026466640034316,0.013635647353046,-0.0013259472915832,0.9159774404231176,0.0619512353104843,0.019567574788953,0.0489491080762796,0.0666049910512859,0.0424569839876814,0.059603060061398594,0.06232022283692779,-0.015937001286207113,0.0307817234267631,0.0334988862022924,-0.0447583379208425
755,2022-09-06,0.0010981840630292,0.0130499999999999,-0.1232120275064121,0.0621105830358515,53.79999923706055,54.29999923706055,53.09999847412109,53.400001525878906,53.400001525878906,323000,-0.0111110828540943,-0.0111110828540943,-0.0119518159369707,0.0060349932196229,0.0171460760737172,-0.0013236866380437,0.9186163002290192,0.0617994045624973,0.019448808339141,0.030781723426763198,0.0660951841499968,0.08375106712500309,0.0864682299005323,0.00821100577739739,-0.029363090063596407,0.0198632388492463,-0.0583939852738885,-0.0959680811148823
756,2022-09-07,-0.0182017269690387,0.01315,0.2636109714050919,-0.4579261002036239,53.0,53.09999847412109,52.20000076293945,52.5,52.5,287020,-0.0168539606771873,-0.0168539606771873,-0.0313517269690387,-0.0141367979016581,0.0027171627755292,-0.0013189329677136,0.920053900952,0.0617449092360918,0.0193985853115269,0.019863238849246397,0.0334988862022924,0.068812346925526,-0.009444877197608906,-0.0470189730386027,-0.052233946583851006,-0.0755400613476057,-0.1131141571885994,-0.1183291307338477
757,2022-09-08,0.0120311948631228,0.01285,0.1645396355955187,0.2262863695580194,53.09999847412109,54.5,53.09999847412109,54.29999923706055,54.29999923706055,147002,0.0342856997535342,0.0342856997535341,-0.0008188051368772,-0.0439715243696008,-0.0782572241231349,-0.0013205499282796,0.9170198550948656,0.0617750764066216,0.0194514762591828,-0.0755400613476057,-0.058393985273888505,-0.04475833792084251,-0.0823324337618363,-0.0875474073070846,-0.07254179835979391,-0.1158313199641287,-0.121046293509377,-0.1060406845620863
758,2022-09-12,0.0153605784394226,0.0130499999999999,-0.1043675252449856,0.4071536412312859,54.400001525878906,55.09999847412109,54.09999847412109,54.900001525878906,54.900001525878906,169110,0.0110497660635112,0.0110497660635111,0.0023105784394226,-0.0265243297774826,-0.0375740958409938,-0.0013215269939597,0.9166267335936518,0.0617883454298667,0.0194676699742624,-0.11583131996412871,-0.11311415718859949,-0.09596808111488231,-0.10118305466013061,-0.08617744571283992,-0.11217409837287862,-0.0427890693862421,-0.0277834604389514,-0.0537801130989901
759,2022-09-13,0.0058741098614451,0.0130499999999999,-0.095173857752797,0.1937415386036456,54.59999847412109,57.20000076293945,54.59999847412109,56.09999847412109,56.09999847412109,468087,0.0218578673021808,0.0218578673021807,-0.0071758901385548,0.0166428937569324,-0.0052149735452483,-0.0013119286328508,0.9194868927109736,0.0616237894475896,0.0192973044399636,-0.0427890693862421,-0.12104629350937701,-0.11832913073384779,-0.1033235217865571,-0.1293201744465958,-0.1152175772871037,0.0097906354020423,-0.0162060172579963,-0.0021034200985042
760,2022-09-14,-0.0158516237609065,0.01335,0.2059299231663285,-0.4118824216009067,54.5,57.09999847412109,54.5,57.0,57.0,324104,0.0160428083842832,0.0160428083842834,-0.0292016237609065,0.0310484173315742,0.0150056089472907,-0.0013116217387205,0.9201920890512544,0.0615965934670637,0.0192613297421489,0.009790635402042398,-0.0277834604389514,-0.10604068456208632,-0.13203733722212502,-0.11793474006263292,-0.13782852122554812,-0.010991043712748,0.003111553446744,-0.0167822277161711
761,2022-09-15,0.0008002606776539,0.01345,0.1086114462909724,-0.153206767156486,57.0,58.59999847412109,57.0,58.0,58.0,661054,0.0175438596491228,0.0175438596491228,-0.0126497393223461,-0.0084527930109158,-0.0259966526600387,-0.0012868194971818,0.9284233752629468,0.061541101499591,0.0191182068251205,-0.010991043712748,-0.0162060172579963,-0.0537801130989901,-0.039677515939498,-0.0595712971024132,-0.0617337194796863,-0.0118940555005466,-0.0317878366634618,-0.0339502590407349
762,2022-09-16,-0.0073810482554361,0.01375,0.0534739269817067,-0.2131326499505882,57.5,58.0,57.29999923706055,57.29999923706055,57.29999923706055,303002,-0.0120689786713698,-0.0120689786713699,-0.0211310482554361,0.0020336184881222,0.0141025971594921,-0.0012925884744353,0.92664471794398,0.061666338465657,0.0192116136995752,-0.0118940555005466,0.0031115534467440996,-0.0021034200985042013,-0.0219972012614194,-0.0241596236386925,0.028070879552255103,-0.0057911840034231,-0.0079536063806962,0.0442768968102514
763,2022-09-19,-0.0093450297433305,0.01395,-0.0998551080512589,-0.0956461290933006,56.900001525878906,57.5,56.70000076293945,56.900001525878906,56.900001525878906,116001,-0.0069807629407947,-0.0069807629407947,-0.0232950297433305,-0.0268745441037099,-0.0198937811629152,-0.0012897165051884,0.9290742536764504,0.0615900673049289,0.0190695851902087,-0.005791184003423102,-0.0317878366634618,-0.016782227716171102,-0.0189446500934442,0.0332858530975034,0.0189546345092242,-0.0220562035401883,0.0301742996507593,0.0158430810624801
764,2022-09-20,0.0085694483632974,0.01395,-0.1255985745663651,0.316607246630249,57.29999923706055,57.29999923706055,56.5,57.09999847412109,57.09999847412109,70000,0.0035148847606133,0.0035148847606132,-0.0053805516367026,0.00135246238334,-0.0021624223772731,-0.0012870242238143,0.9266840247623936,0.0615534442502614,0.0190327540245075,-0.0220562035401883,-0.007953606380696202,-0.0339502590407349,0.018280244150212704,0.003949025561933505,0.015306701418779404,0.0500680808136745,0.0357368622253953,0.0470945380822412
765,2022-09-21,-0.0085763765344431,0.01395,0.0296695809458941,-0.1861067567360764,57.900001525878906,57.900001525878906,56.09999847412109,56.09999847412109,56.09999847412109,187001,-0.0175131353191405,-0.0175131353191405,-0.0225263765344431,0.034717367871807,0.0522305031909476,-0.00127872088707,0.9287686954529368,0.0614745657301777,0.0189512183212984,0.050068080813674504,0.030174299650759302,0.044276896810251404,0.029945678221972204,0.041303354078818105,0.1046835777445162,0.0378992846026684,0.0492569604595143,0.1126371841252124
766,2022-09-22,-0.0096980456183955,0.01395,0.0518111280797481,-0.1870959740207468,56.20000076293945,57.5,55.29999923706055,57.0,57.0,269012,0.0160428083842832,0.0160428083842834,-0.0236480456183955,0.0017115897960041,-0.0143312185882792,-0.0012796732046494,0.9288361346420017,0.0614860662234612,0.0189533944003687,0.03789928460266841,0.03573686222539531,0.015843081062480103,0.027200756919326004,0.09058098058502409,0.07884905419293069,-0.0029735427314333,0.0604066809342647,0.0486747545421713
767,2022-09-23,-0.0116383834487748,0.01402,0.0673997200542683,-0.4529970860703721,56.900001525878906,58.400001525878906,56.70000076293945,56.79999923706055,56.79999923706055,285013,-0.0035087853147272,-0.0035087853147272,-0.0256583834487748,0.0078488905421187,0.0113576758568459,-0.0012804941098877,0.9296876729685885,0.0615062996031561,0.0189291267583665,-0.0029735427314333002,0.049256960459514304,0.047094538082241205,0.1104747617479393,0.0987428353558459,0.1187772686797044,0.0747378995225439,0.0630059731304505,0.083040406454309
768,2022-09-26,-0.0240955021715445,0.01475,-0.2341683974078307,-0.305069707707972,56.79999923706055,56.79999923706055,53.29999923706055,53.5,53.5,582167,-0.0580985788976451,-0.0580985788976451,-0.0388455021715445,0.0052816447680529,0.0633802236656981,-0.0012631465812815,0.9336084368019296,0.0613116896017111,0.018785349426202,0.07473789952254399,0.060406680934264795,0.1126371841252124,0.100905257733119,0.1209396910569775,0.0976817653282677,0.0516482972736046,0.0716827305974631,0.0484248048687533
769,2022-09-27,0.0035127554891544,0.01665,0.150131923642684,0.1166849970624721,53.5,55.5,53.5,54.79999923706055,54.79999923706055,122000,0.0242990511600102,0.0242990511600103,-0.0131372445108456,0.0125671247679168,-0.0117319263920934,-0.0012770129579692,0.930215418421372,0.0615918837684322,0.0190089305346551,0.05164829727360469,0.06300597313045059,0.04867475454217139,0.06870918786602989,0.04545126213732009,0.039541610133177495,0.0083025069317651,-0.0149554187969447,-0.0208650708010873
770,2022-09-28,-0.0260743636228541,0.01675,-0.156746056191282,-0.4817108046640203,55.900001525878906,55.900001525878906,53.400001525878906,53.5,53.5,256002,-0.0237226141452457,-0.0237226141452456,-0.0428243636228541,-0.003688180821387,0.0200344333238585,-0.0012756937964969,0.931061232561882,0.0615585344947216,0.0189495252525623,0.0083025069317651,0.07168273059746319,0.08304040645430909,0.05978248072559929,0.05387282872145669,0.06560306825557749,-0.0032234924048512,-0.0091331444089939,0.0025970951251268
771,2022-09-29,0.0050637974956734,0.01655,0.199619962435636,-0.0754854941712704,54.400001525878906,54.900001525878906,54.0,54.20000076293945,54.20000076293945,84158,0.0130841264100832,0.0130841264100831,-0.0114862025043266,-0.0101737993186266,-0.0232579257287098,-0.0012830146772059,0.9267642991804612,0.0616362647683512,0.0191569665979961,-0.0032234924048512997,-0.0149554187969447,0.04842480486875339,0.04251515286461079,0.05424539239873159,0.047289016965508794,-0.0291675777328524,-0.0174373381987316,-0.0243937136319544
772,2022-09-30,-0.0081038556521997,0.01695,0.2772169173671336,-0.3877140348440222,53.09999847412109,54.70000076293945,53.09999847412109,54.29999923706055,54.29999923706055,167000,0.0018449902714663,0.0018449902714663,-0.0250538556521997,-0.0040646617326763,-0.0059096520041426,-0.0013315061087421,0.9146874228713128,0.062178782467396,0.0195713365857189,-0.0291675777328524,-0.0091331444089939,-0.0208650708010873,-0.0091348312669665,-0.0160912067001893,-0.0154485337106218,0.0058205875299782,-0.0011357879032446,-0.0004931149136771
773,2022-10-03,-0.0092442079121131,0.01695,0.0724919110576008,-0.2622159542667596,53.59999847412109,55.0,53.5,54.0,54.0,114001,-0.0055248479056293,-0.0055248479056293,-0.026194207912113,0.0062053916284914,0.0117302395341208,-0.0013270424435021,0.913096585773356,0.0622868517773392,0.0196270652331612,0.0058205875299782,-0.0174373381987316,0.002597095125126899,-0.004359280308095901,-0.0037166073185284014,-0.0019649810461141014,0.0047738641008979,0.0054165370904655,0.0071681633628797
774,2022-10-04,0.0207540669789008,0.01675,-0.0873926626570629,0.6061139752192672,54.5,55.5,54.20000076293945,55.20000076293945,55.20000076293945,269275,0.0222222363507306,0.0222222363507305,0.0040040669789007,0.0152658609175076,-0.0069563754332228,-0.0013242052867389,0.9143100807142476,0.062254484742616,0.0195906749898336,0.004773864100897999,-0.0011357879032446007,-0.024393713631954403,-0.0237510406423869,-0.021999414369972603,-0.011947621359935903,-0.0063137024436553,-0.004562076171241,0.0054897168387957
775,2022-10-05,0.0165661129667518,0.01665,-0.4173233849207086,0.5164609368609017,55.400001525878906,55.400001525878906,54.900001525878906,55.0,55.0,96001,-0.0036232021770863,-0.0036232021770864,-8.388703324820057e-05,-0.0029805291875189,0.0006426729895675,-0.0013354664167356,0.9107801617709068,0.0622626406258198,0.0196933337436751,-0.0063137024436553,0.0054165370904655,-0.0004931149136771007,0.0012585113587371992,0.0113103043687739,0.0278581082859481,0.0023942992619818,0.0124460922720185,0.0289938961891927
776,2022-10-06,0.0065659949178725,0.01675,-0.0313279536834967,0.2288665277567891,55.0,55.0,54.59999847412109,55.0,55.0,75000,0.0,0.0,-0.0101840050821275,0.0017516262724143,0.0017516262724143,-0.0013327299054487,0.9116129889833636,0.0622420992658507,0.0196495522141848,0.0023942992619818,-0.0045620761712410005,0.007168163362879799,0.017219956372916498,0.033767760290090695,0.055681131387625295,0.011803419282451,0.0283512231996252,0.0502645942971598
777,2022-10-07,-0.0136602973584191,0.01705,0.218356035596332,-0.5383700602757735,54.70000076293945,55.0,54.5,54.5,54.5,53095,-0.009090909090909,-0.009090909090909,-0.0307102973584191,0.0009608839191276,0.0100517930100367,-0.0013242261902197,0.914290830237764,0.0621764340663675,0.0195627229435977,0.011803419282451,0.0124460922720185,0.0054897168387957,0.022037520755969903,0.0439508918535045,0.0766887868781696,0.0265995969272109,0.0485129680247455,0.0812508630494106
778,2022-10-11,-0.0435146550867053,0.01735,0.4102373823719076,-1.4166233737738805,53.5,53.5,52.0,52.09999847412109,52.09999847412109,336001,-0.0440367252454845,-0.0440367252454846,-0.0608646550867053,-0.0274889213283103,0.0165478039171742,-0.0013640634357402,0.9037988976518824,0.0624937330915355,0.0199355032846783,0.0265995969272109,0.0283512231996252,0.0289938961891927,0.0509072672867273,0.08364516231139241,0.0640852242954556,0.0384611750147088,0.0711990700393739,0.0516391320234371
779,2022-10-12,-0.0018914986876493,0.01765,0.1382276883044255,-0.0503023146522234,52.20000076293945,52.20000076293945,51.09999847412109,51.70000076293945,51.70000076293945,222000,-0.0076774994797807,-0.0076774994797805,-0.0195414986876493,0.014235871617754,0.0219133710975346,-0.0013542264556578,0.903001697704606,0.0624408346401292,0.0198716814348476,0.038461175014708804,0.0485129680247455,0.0502645942971598,0.0830024893218249,0.0634425513058881,0.09603129719742351,0.0546512661221997,0.0350913281062629,0.0676800739977983
780,2022-10-13,-0.0206792139566516,0.01765,-0.30704611865219,-0.2831346990118901,51.59999847412109,52.20000076293945,48.84999847412109,48.95000076293945,48.95000076293945,533000,-0.0531914885767527,-0.0531914885767527,-0.0383292139566516,-0.0204535935520875,0.0327378950246651,-0.0013311625679796,0.9097381915039862,0.0626384018190111,0.019780016944292,0.0546512661221997,0.0711990700393739,0.0812508630494106,0.061690925033473794,0.09427967092500919,0.0929729136312979,0.0131779570087283,0.0457667029002637,0.0444599456065524
781,2022-10-14,0.0247752967101858,0.01755,-0.1989711748263648,0.7435393007112706,49.25,50.70000076293945,49.25,49.75,49.75,123002,0.0163431915136196,0.0163431915136196,0.0072252967101858,-0.0032167465023172,-0.0195599380159368,-0.0013607575326489,0.9039611310724373,0.062962157070526,0.0200821029873297,0.0131779570087283,0.0350913281062629,0.0516391320234371,0.0842278779149725,0.0829211206212612,0.07748374195278189,0.0130288078755986,0.0117220505818873,0.006284671913408
782,2022-10-17,-0.012345279526184,0.01775,0.2360030171820071,-0.4587775788114149,49.59999847412109,49.59999847412109,48.09999847412109,49.09999847412109,49.09999847412109,198039,-0.0130653573040986,-0.0130653573040987,-0.0300952795261839,0.0195233885874367,0.0325887458915354,-0.0013826164541512,0.8966864643944141,0.0627315370889402,0.0201242643924854,0.013028807875598604,0.0457667029002637,0.0676800739977983,0.066373316704087,0.0609359380356077,0.0864876052730368,0.0312819885978241,0.0258446099293448,0.0513962771667739
783,2022-10-18,0.0122342490736964,0.01775,-0.1871503679878832,0.4061015831999994,49.59999847412109,50.29999923706055,48.650001525878906,49.25,49.25,107001,0.0030550209886048,0.0030550209886051,-0.0055157509263035,0.0017482636948938,-0.0013067572937113,-0.0013797011504754,0.8975490743288792,0.0626656623812418,0.020078814743011,0.031281988597824106,0.011722050581887303,0.044459945606552406,0.03902256693807311,0.0645742341755022,0.08093278546589891,-0.0067441359621906,0.0188075312752385,0.0351660825656352
784,2022-10-19,-0.0112703643362724,0.01825,0.2629967982489471,-0.43786325832433,49.5,49.5,48.59999847412109,48.650001525878906,48.650001525878906,127000,-0.0121827101344384,-0.0121827101344385,-0.0295203643362724,-0.0176200888029178,-0.0054373786684793,-0.0013783598566187,0.8978845604335437,0.0626448486487993,0.0200656437831622,-0.0067441359621906,0.025844609929344807,0.006284671913408003,0.031836339150837105,0.048194890441233804,0.055375265746892104,0.0201142885689498,0.0364728398593465,0.0436532151650048
785,2022-10-20,-0.0023626973762138,0.01825,-0.1749924034445973,-0.0456911809502763,48.29999923706055,48.29999923706055,46.84999847412109,47.20000076293945,47.20000076293945,264003,-0.0298047423938545,-0.0298047423938545,-0.0206126973762138,-0.0042530751564254,0.0255516672374291,-0.0013830076414662,0.8966449663728263,0.0626819518558755,0.0201065893612422,0.0201142885689498,0.0188075312752385,0.051396277166773904,0.0677548284571706,0.07493520376282889,0.11233345774047489,0.0419102185278257,0.049090593833484,0.08648884781113
786,2022-10-21,-0.0098021348430383,0.01915,0.0043383822285859,-0.3996690509232851,47.25,47.650001525878906,46.84999847412109,46.900001525878906,46.900001525878906,110000,-0.0063559159366815,-0.0063559159366815,-0.0289521348430383,0.0100026353537152,0.0163585512903967,-0.0013753559337284,0.8982483911886485,0.0626032815969353,0.0200032328723169,0.041910218527825796,0.036472839859346504,0.0351660825656352,0.0423464578712935,0.0797447118489395,0.0799003012274954,0.023538926596055,0.060937180573701,0.0610927699522568
787,2022-10-24,0.0029471630727254,0.01925,0.1056261610747359,0.0301386479333857,49.09999847412109,49.09999847412109,47.0,47.09999847412109,47.09999847412109,105000,0.0042643271158921,0.0042643271158919,-0.0163028369272746,0.0114447024215503,0.0071803753056583,-0.0013774975859611,0.8984444388634467,0.0626589989003452,0.0199947898901952,0.023538926596055,0.049090593833484096,0.043653215165004804,0.0810514691426508,0.0812070585212067,0.024265547745219704,0.0445786292833043,0.0447342186618602,-0.0122072921141268
788,2022-10-25,-0.0148448815043627,0.019,0.260555047888338,-0.7344308305843655,48.0,48.0,45.59999847412109,45.59999847412109,45.59999847412109,232001,-0.0318471347897,-0.0318471347897,-0.0338448815043627,0.005551119187946,0.037398253977646,-0.0013595570890818,0.9024520490752732,0.0625030840831153,0.0197908728199566,0.0445786292833043,0.060937180573701,0.08648884781113009,0.086644437189686,0.029702926413698996,0.0584083416107975,0.0375538433562019,-0.0193876674197851,0.0093177477773133
789,2022-10-26,0.0049683476011416,0.0186,-0.1216761636222022,0.1622774207458444,45.59999847412109,46.09999847412109,44.900001525878906,45.20000076293945,45.20000076293945,217000,-0.0087718799247032,-0.008771879924703,-0.0136316523988584,-0.008616290546147,0.0001555893785559,-0.001359509779722,0.9024696573493888,0.0625023025778777,0.0197904785802267,0.0375538433562019,0.0447342186618602,0.061092769952256896,0.004151259176269899,0.032856674373368394,0.002005629224056695,-0.0567859213974311,-0.0280805062003326,-0.0589315513496443
790,2022-10-27,0.0155015743930341,0.01824,0.0039016249910923,0.5779434380761406,45.45000076293945,46.150001525878906,45.45000076293945,46.150001525878906,46.150001525878906,64002,0.0210177156394736,0.0210177156394737,-0.0027384256069659,-0.0359237951365132,-0.056941510775987,-0.0013589805523056,0.9031083147476212,0.0624896011826223,0.0198139581522568,-0.0567859213974311,-0.0193876674197851,-0.0122072921141268,0.0164981230829717,-0.01435292206634,-0.0156013428251957,-0.0282360955788885,-0.0590871407282002,-0.0603355614870559
791,2022-10-28,-0.0106719979438833,0.01773,0.0225542130557975,-0.2595755145123274,46.0,46.0,44.79999923706055,45.0,45.0,161003,-0.0249187754681662,-0.0249187754681662,-0.0284019979438833,0.0037866397289323,0.0287054151970985,-0.0013210147729562,0.9108421589498424,0.0621084124409451,0.0194517815472141,-0.0282360955788885,-0.0280805062003326,0.009317747777313399,-0.0215332973719983,-0.022781718130854,-0.0170651806597574,-0.0021456299522132,-0.0033940507110689,0.0023224867600277
792,2022-10-31,0.0126153253576729,0.01755,-0.1451919175072493,0.5835723742231335,45.0,46.400001525878906,45.0,45.79999923706055,45.79999923706055,66006,0.0177777608235677,0.0177777608235676,-0.004934674642327,-0.013073284325744,-0.0308510451493117,-0.0013124568947212,0.9141300846257524,0.0623097682099626,0.019443446221979,-0.0021456299522132002,-0.0590871407282002,-0.0589315513496443,-0.0601799721085,-0.0544634346374034,-0.0399165497961684,-0.0320994659081673,-0.0263829284370707,-0.0118360435958357
793,2022-11-01,0.0067537953194077,0.01755,0.0979977832883143,0.169434703398838,45.29999923706055,46.45000076293945,45.29999923706055,46.09999847412109,46.09999847412109,103000,0.0065502017916583,0.0065502017916583,-0.0107962046805923,0.0053017810328025,-0.0012484207588557,-0.0012961617626475,0.917697760958666,0.0621741286908033,0.0192066244923306,-0.032099465908167396,-0.0033940507110689,-0.0603355614870559,-0.0546190240159593,-0.0400721391747243,-0.049313183077595094,0.0044681167122409,0.0190150015534759,0.0097739576506051
794,2022-11-02,0.0048292511301223,0.01755,0.0003905985239068,0.1791376182668218,46.09999847412109,46.900001525878906,46.09999847412109,46.5,46.5,54001,0.0086768229743749,0.0086768229743752,-0.0127207488698777,0.0143933604454718,0.0057165374710966,-0.0012834555472589,0.920852619504174,0.0620178394881457,0.019099602128228,0.0044681167122409,-0.026382928437070796,0.0023224867600277,0.0168693716012627,0.007628327698391901,0.013071273943213502,0.0202634223123316,0.0110223784094608,0.0164653246542824
795,2022-11-03,-0.0086693770521523,0.01785,0.2719896602027397,-0.3225796403087823,45.79999923706055,46.09999847412109,45.650001525878906,45.95000076293945,45.95000076293945,126001,-0.0118279405819472,-0.0118279405819472,-0.0265193770521523,0.0027189442592877,0.014546884841235,-0.001277140378065,0.9224671972920188,0.0619873699492627,0.0190154099641109,0.0202634223123316,0.0190150015534759,-0.011836043595835797,-0.021077087498706598,-0.015634141253884997,-0.0404955044258414,0.0053058409383642,0.0107487871831857,-0.0141125759887706
796,2022-11-04,0.0030885953805447,0.01794,0.1829851303090732,-0.0458571823737369,46.04999923706055,46.84999847412109,46.04999923706055,46.5,46.5,94001,0.0119695152976829,0.0119695152976828,-0.0148514046194553,0.0027284713948119,-0.0092410439028708,-0.001257944429138,0.9268748328269534,0.0617504881295245,0.018851565617732,0.0053058409383642,0.011022378409460801,0.0097739576506051,0.015216903895426702,-0.0096444592765297,-0.0414142853283966,-0.0037980976580491,-0.0286594608300056,-0.0604292868818725
797,2022-11-07,0.0151243490031861,0.01805,-0.102012697445578,0.356512050807161,46.09999847412109,46.84999847412109,46.04999923706055,46.70000076293945,46.70000076293945,190000,0.0043010916761172,0.0043010916761172,-0.0029256509968139,0.0097440379209388,0.0054429462448216,-0.0012540110259705,0.930277216094693,0.0618785383863606,0.0187916032891137,-0.0037980976580491996,0.010748787183185799,0.016465324654282402,-0.008396038517673999,-0.040165864569540896,0.003826140740932203,-0.0194184169271348,-0.0511882429790017,-0.0071962376685286
798,2022-11-08,0.0093792971028941,0.01814,-0.1481140321660362,0.3384896817546509,47.0,47.29999923706055,46.75,46.84999847412109,46.84999847412109,172000,0.0032119423711161,0.0032119423711158,-0.0087607028971059,-0.0216494208008406,-0.0248613631719564,-0.0012536536029725,0.92854406300737,0.0618395970042699,0.0187860078889798,-0.0194184169271348,-0.0286594608300056,-0.014112575988770602,-0.0458824020406375,-0.0018903967301644037,-0.0070937518176508035,-0.0566311892238233,-0.0126391839133502,-0.0178425390008366
799,2022-11-09,0.0218051425705946,0.01794,-0.2724853263073886,0.7877211458442507,46.900001525878906,47.0,46.650001525878906,46.75,46.75,175002,-0.0021344392183135,-0.0021344392183133,0.0038651425705945,-0.0339042652701803,-0.0317698260518669,-0.0012397310952245,0.931417466489746,0.0616970561114675,0.0186457447812567,-0.056631189223823306,-0.0511882429790017,-0.060429286881872504,-0.016437281571399405,-0.021640636658885805,-0.059587545950145704,0.0122221792586061,0.0070188241711197,-0.0309280851201401
800,2022-11-10,-0.0099018762591613,0.01775,0.1661559473161385,-0.3285195666816232,46.45000076293945,46.5,44.84999847412109,45.0,45.0,402003,-0.0374331550802139,-0.0374331550802139,-0.0276518762591613,0.0065588502302591,0.0439920053104731,-0.0012455924406751,0.9341461531509164,0.061568407068656,0.0187026848103656,0.012222179258606199,-0.012639183913350206,-0.007196237668528602,-0.012399592756015002,-0.0503465020472749,-0.0414516639587115,0.0387886502229867,0.0008417409317268,0.0097365790202902
801,2022-11-11,0.0373081136980803,0.01655,-0.6727240967942343,1.4377337956044134,46.0,46.0,44.79999923706055,44.95000076293945,44.95000076293945,315000,-0.001111094156901,-0.001111094156901,0.0207581136980802,-0.0063144492443875,-0.0052033550874864,-0.0012342932840432,0.9372141633795968,0.0615196211803654,0.0185701218336428,0.0387886502229867,0.007018824171119799,-0.017842539000836606,-0.055789448292096505,-0.0468946102035331,-0.028956908032826904,-0.0431502643787463,-0.0342554262901829,-0.0163177241194766
802,2022-11-14,0.011946465012161,0.01695,0.1046066702575882,0.1571605023054366,45.0,45.650001525878906,44.84999847412109,45.5,45.5,165002,0.0122358003943353,0.0122358003943352,-0.005003534987839,-0.0257111088969247,-0.0379469092912599,-0.001216116119574,0.9404056758733286,0.0613551076336902,0.0183839389122177,-0.0431502643787463,0.0008417409317268004,-0.0309280851201401,-0.0220332470315767,-0.0040955448608704995,-0.0028530105780038995,-0.0290520712026964,-0.0111143690319902,-0.0098718347491236
803,2022-11-15,0.0262018899217904,0.01685,-0.6927416350878536,1.2247231819170077,45.150001525878906,46.79999923706055,45.150001525878906,46.20000076293945,46.20000076293945,178001,0.0153846321525154,0.0153846321525155,0.0093518899217904,0.024279470241079,0.0088948380885634,-0.0011994395334026,0.9447257118966303,0.0612686881407157,0.018252637308975,-0.029052071202696497,-0.0342554262901829,0.0097365790202902,0.0276742811909964,0.028916815473863003,0.050208687099706606,0.0268325402592696,0.0280750745421362,0.0493669461679798
804,2022-11-16,-0.0006159611064366,0.01675,-0.1305426369444939,0.2243172769708071,46.20000076293945,46.5,45.5,45.54999923706055,45.54999923706055,216000,-0.0140692968646078,-0.0140692968646078,-0.0173659611064366,0.0038684053060983,0.0179377021707062,-0.001214142131616,0.9420084313203252,0.061367973339753,0.0184024143720866,0.0268325402592696,-0.011114369031990298,-0.016317724119476698,-0.015075189836610098,0.006216681789233501,-0.004903538343150198,0.0191802364535728,0.0404721080794164,0.0293518879470326
805,2022-11-17,-0.0001457721443001,0.01595,0.077434918056275,-0.0136064121268618,45.09999847412109,46.29999923706055,45.09999847412109,46.09999847412109,46.09999847412109,101650,0.0120746267019265,0.0120746267019264,-0.0160957721443,0.0133171609847931,0.0012425342828666,-0.0011929820623263,0.9462720860874744,0.0611323943768054,0.0181732346015986,0.0191802364535728,0.028075074542136202,-0.009871834749123698,0.011420036876719901,0.0002998167443362017,0.014531610755647502,0.0225344059087101,0.0114141857763264,0.0256459797876377
806,2022-11-18,-0.0020804784925849,0.01605,-0.1042633381947632,0.0999257778813616,46.04999923706055,46.5,45.5,45.84999847412109,45.84999847412109,131101,-0.0054229936719052,-0.0054229936719052,-0.0181304784925849,0.0158688779539384,0.0212918716258436,-0.0011952948851138,0.9457823558642148,0.0611524538977159,0.0181976328518293,0.022534405908710198,0.0404721080794164,0.049366946167979806,0.038246726035596104,0.0524785200469074,0.0582854996029256,0.0101716514934599,0.0244034455047712,0.0302104250607894
807,2022-11-21,-0.0038332039552659,0.01595,0.0345696935788443,-0.1264482961578794,45.84999847412109,46.0,45.70000076293945,45.79999923706055,45.79999923706055,48011,-0.0010904959372848,-0.0010904959372847,-0.0197832039552659,-0.0122107160696684,-0.0111202201323837,-0.0011618083396747,0.9526966077301232,0.0607501100154966,0.0179035968125204,0.0101716514934599,0.011414185776326498,0.029351887947032695,0.043583681958343994,0.049390661514362194,0.028241240652037494,0.0031115738789276,0.0089185534349458,-0.0122308674273788
808,2022-11-22,0.0064231465226654,0.01575,-0.1843593162387332,0.2243332647564254,45.75,45.75,45.20000076293945,45.400001525878906,45.400001525878906,168041,-0.0087335746254329,-0.008733574625433,-0.0093268534773346,0.0054982193858783,0.0142317940113113,-0.0011601183842881,0.9530737805941236,0.0607261930731118,0.0178844911078506,0.0031115738789276003,0.0244034455047712,0.025645979787637798,0.031452959343655995,0.010303538481331295,0.0336425745216779,0.0200387735673295,-0.0011106472949952,0.0222283887453514
809,2022-11-23,0.0045618849183071,0.01525,0.0549017469146975,-0.0013097288401231,45.54999923706055,45.70000076293945,45.20000076293945,45.29999923706055,45.29999923706055,66266,-0.0022026935122756,-0.0022026935122756,-0.0106881150816929,0.0036042860437425,0.0058069795560182,-0.001151847927713,0.9556965216003092,0.0606401433549852,0.0177307227655235,0.0200387735673295,0.0089185534349458,0.0302104250607894,0.0090610041984647,0.0324000402388113,0.0379773204058867,-0.0153424413063065,0.0079965947340401,0.0135738749011155
810,2022-11-24,0.0120107800278692,0.0149,0.0688260986440671,0.3089413371680532,45.45000076293945,45.650001525878906,45.20000076293945,45.45000076293945,45.45000076293945,90002,0.0033112920177753,0.0033112920177753,-0.0028892199721307,-0.0178381288445493,-0.0211494208623247,-0.0011479320619655,0.9566147721106886,0.0606195449598006,0.0176848473212144,-0.0153424413063065,-0.0011106472949952012,-0.012230867427378899,0.011108168612967702,0.0166854487800431,0.0221541203988557,0.0021896151780219,0.0077668953450973,0.0132355669639099
811,2022-11-25,-0.0003713632558847,0.01485,-0.1017436803714377,0.077384571189751,45.400001525878906,45.650001525878906,45.09999847412109,45.09999847412109,45.09999847412109,125000,-0.0077008203067788,-0.0077008203067789,-0.0152213632558847,0.0156382157335676,0.0233390360403466,-0.0011023195146478,0.9657809802086748,0.0603738062885602,0.0171248481592408,0.0021896151780219017,0.007996594734040102,0.0222283887453514,0.0278056689124268,0.0332743405312394,0.0424688049709869,0.028916316207422,0.0343849878262346,0.0435794522659821
812,2022-11-28,-0.0149974288309526,0.01475,0.4164946598064389,-0.5600527964672593,44.75,44.75,44.150001525878906,44.5,44.5,297002,-0.0133037360182036,-0.0133037360182034,-0.0297474288309526,-0.0077264558511279,0.0055772801670754,-0.0010496859862503,0.9782494295376194,0.0598333471944111,0.0166805666297161,0.028916316207422,0.007766895345097302,0.013573874901115501,0.0190425465199281,0.028237010959675603,0.0302814614288305,0.0110459517858879,0.0202404162256355,0.0222848666947904
813,2022-11-29,0.0104946688415954,0.01475,-0.0884911714706165,0.1807592505525272,44.25,45.25,43.650001525878906,45.0,45.0,253002,0.0112359550561797,0.0112359550561798,-0.0042553311584046,0.0167046266749924,0.0054686716188126,-0.001013876533258,0.9859748678985092,0.0599337625780064,0.0161207017158119,0.011045951785887999,0.0343849878262346,0.0132355669639099,0.022430031403657402,0.0244744818728123,0.0159329159647111,0.0146631360585601,0.016707586527715,0.0081660206196138
814,2022-11-30,0.0115509394051028,0.01495,0.0783750276194241,0.2187769798573004,45.400001525878906,45.900001525878906,44.79999923706055,45.70000076293945,45.70000076293945,144000,0.0155555725097656,0.0155555725097655,-0.0033990605948972,0.024750036949513,0.0091944644397475,-0.001007101077119,0.9879594925023816,0.0597854232579226,0.0159975459725535,0.0146631360585601,0.0202404162256355,0.0435794522659821,0.045623902735137,0.0370823368270358,0.0257857594242268,0.0112389149089024,0.0026973490008012,-0.0085992284020077
815,2022-12-01,0.0089552440597377,0.01455,-0.0701540122465787,0.3263222881225451,46.25,46.59999847412109,45.70000076293945,45.900001525878906,45.900001525878906,230001,0.0043763842363356,0.0043763842363355,-0.0055947559402623,0.0064208347054905,0.0020444504691549,-0.0010308819618722,0.9829275698045928,0.0596710780837736,0.0162895007528781,0.0112389149089024,0.016707586527715,0.0222848666947904,0.0137433007866892,0.0024467233838802,0.0133135110066719,-0.0064971154389462,-0.0177936928417552,-0.0069269052189635
816,2022-12-02,-0.0028056137253191,0.01395,0.1428965226594769,-0.1298822690237948,46.09999847412109,46.5,45.95000076293945,46.09999847412109,46.09999847412109,265001,0.0043572318429973,0.0043572318429971,-0.0167556137253191,-0.0041843340651041,-0.0085415659081012,-0.0010096443582486,0.9872037890502412,0.0595723877038305,0.0161012430602377,-0.006497115438946299,0.002697349000801201,0.0081660206196138,-0.0031305567831951993,0.0077362308395965,0.0150900606238242,-0.0198381433109102,-0.0089713556881185,-0.0016175259038907
817,2022-12-05,0.0006720167076582,0.01355,0.165743744640839,-0.0368252177691193,46.29999923706055,46.59999847412109,46.04999923706055,46.400001525878906,46.400001525878906,197005,0.0065076586049395,0.0065076586049397,-0.0128779832923418,-0.0047889187978693,-0.011296577402809,-0.0010222163088181,0.9841726503958336,0.0597146549563248,0.0162402716151404,-0.0198381433109102,-0.017793692841755297,-0.008599228402007799,0.0022675592207839004,0.0096213890050116,0.0157639136265731,-0.0004297897800173,0.0069240400042104,0.0130665646257718
818,2022-12-06,-0.0168122768048923,0.01365,0.0707740338622686,-0.3518982653791833,46.400001525878906,46.75,45.900001525878906,46.0,46.0,153001,-0.0086207222569984,-0.0086207222569985,-0.0304622768048923,0.0022460653657932,0.0108667876227917,-0.0010253873013743,0.9834207255841136,0.0597276071591921,0.0162702557942404,-0.0004297897800173006,-0.0089713556881185,-0.006926905218963598,0.0004269245652641024,0.0065694491868256025,-0.010682839498166698,0.0182206174070194,0.0243631420285809,0.0071108533435885
819,2022-12-07,-0.0067126704796387,0.01265,-0.0158225197065247,-0.1871794209742686,46.650001525878906,46.650001525878906,45.54999923706055,45.70000076293945,45.70000076293945,124002,-0.0065217225447944,-0.0065217225447945,-0.0193626704796387,0.0008321072394332,0.0073538297842277,-0.0010281484911814,0.9825008307400652,0.0597546029300636,0.0163025317562445,0.0182206174070194,0.0069240400042104,-0.0016175259038907997,0.0045249987176707,-0.0127272899673216,-0.0058709821662417,0.0134963544057892,-0.0037559342792031,0.0031003735218767
820,2022-12-08,-0.0052610851117372,0.0125,0.1397252992009436,-0.1153780429774053,46.09999847412109,46.29999923706055,45.650001525878906,45.75,45.75,71001,0.0010940751909372,0.0010940751909371,-0.0177610851117372,0.0072365998124987,0.0061425246215615,-0.0010268142301246,0.9837409390709468,0.0597755660643127,0.0162534153912459,0.0134963544057892,0.0243631420285809,0.013066564625771899,-0.004185724059220401,0.002670583741859499,-0.0208368460228713,-0.0111097640634308,-0.0042534562623509,-0.0277608860270817
821,2022-12-09,0.0104713275046632,0.01284,-0.1685277901188347,0.345984494592792,45.79999923706055,46.5,45.650001525878906,46.5,46.5,205009,0.0163934426229508,0.0163934426229508,-0.0023686724953368,-0.0008588460620415,-0.0172522886849923,-0.0010253387502103,0.9852871785652444,0.0596921171335015,0.0161795469718132,-0.0111097640634308,-0.0037559342792031006,0.007110853343588599,0.013967161144668498,-0.009540268620062301,0.0461418212761911,-0.0103959808839124,-0.0339034106486432,0.0217786792476102
822,2022-12-12,-0.0063133037063797,0.01295,0.0961017964268391,-0.2844334693700779,46.04999923706055,46.04999923706055,45.54999923706055,45.84999847412109,45.84999847412109,94217,-0.013978527438256,-0.0139785274382562,-0.0192633037063797,-0.0071222196371762,0.0068563078010799,-0.0009983201950841,0.9912016862561086,0.0592965536578043,0.0158088183579265,-0.0103959808839124,-0.0042534562623509,0.0031003735218767996,-0.020407056242854,0.0352750336533994,0.035770776922504,-0.0166511219636509,0.0390309679326025,0.0395267112017071
823,2022-12-13,-0.0061337438312371,0.0129,0.0124886313461131,-0.19462690045434,45.84999847412109,46.25,45.54999923706055,45.54999923706055,45.54999923706055,125000,-0.0065430588232161,-0.006543058823216,-0.0190337438312371,-0.0300504885879468,-0.0235074297647308,-0.000997143392105,0.991619214544587,0.0592931798205442,0.0157933385055606,-0.0166511219636509,-0.033903410648643204,-0.0277608860270817,0.027921203869171702,0.0284169471382763,0.0242446074064879,0.0321746601315226,0.0326704034006272,0.0284980636688388
824,2022-12-14,0.014900570627961,0.01275,-0.0142088149725133,0.4689537927056236,45.84999847412109,46.0,45.70000076293945,45.79999923706055,45.79999923706055,86002,0.0054884742961004,0.0054884742961003,0.002150570627961,0.0611705641923537,0.0556820898962534,-0.0009737162597556,0.996864636166209,0.05889352391073,0.0155860679618279,0.032174660131522606,0.0390309679326025,0.0217786792476102,0.022274422516714798,0.0181020827849264,0.0166883176255511,0.056177833165358,0.0520054934335696,0.0505917282741943
825,2022-12-15,-0.0003548640256593,0.01275,0.0822233181957125,-0.0465960536434878,46.0,46.0,45.45000076293945,45.70000076293945,45.70000076293945,118000,-0.0021833728337745,-0.0021833728337745,-0.0131048640256592,-0.0016876295646699,0.0004957432691046,-0.0009711470921061,0.9966262174805314,0.0588897901514753,0.0156000010892875,0.056177833165358,0.032670403400627206,0.0395267112017071,0.035354371469918704,0.0339406063105434,0.0138852406413979,-0.0036765964626837,-0.005090361622059,-0.0251457272912046
826,2022-12-16,-0.0139526446257821,0.01235,0.1234378333581326,-0.5215121214431975,45.45000076293945,45.5,44.79999923706055,44.79999923706055,44.79999923706055,166000,-0.0196936873272169,-0.0196936873272169,-0.0263026446257821,-0.0238660270590054,-0.0041723397317884,-0.0009684464670381,0.9974001280937772,0.058832518258997,0.0155499782238014,-0.0036765964626837996,0.052005493433569604,0.028498063668838808,0.02708429850946351,0.007028932840318008,0.045967304715345006,-0.0055861048911637,-0.0256414705603092,0.0132969013147178
827,2022-12-19,-0.0065546454028587,0.01215,0.032904976114608,-0.1309643194528271,44.79999923706055,44.79999923706055,44.25,44.25,44.25,118000,-0.0122767688934593,-0.0122767688934593,-0.0187046454028587,-0.0136905340528346,-0.0014137651593753,-0.0009626812967851,0.9988195362499386,0.0587770610028737,0.0154710077909578,-0.0055861048911637,-0.005090361622059099,0.0505917282741943,0.0305363626050488,0.0694747344800758,0.03413692252168989,-0.0214691308285208,0.0174692410465062,-0.0178685709118797
828,2022-12-20,-0.0182418205486978,0.01275,-0.0846324863831219,-0.5049830870509482,44.20000076293945,44.5,43.5,43.5,43.5,199000,-0.0169491525423728,-0.0169491525423728,-0.0309918205486978,-0.0370045182115183,-0.0200553656691455,-0.0009642615247484,0.9983532750095062,0.0588041232442265,0.0154916391054061,-0.0214691308285208,-0.0256414705603092,-0.025145727291204602,0.0137926445838224,-0.021545167374563502,-0.015228432263923501,0.0188830062058815,-0.0164548057525044,-0.0101380706418644
829,2022-12-21,0.0045426944011661,0.01235,0.0344357684143771,0.086988401062342,43.5,43.79999923706055,43.34999847412109,43.5,43.5,87001,0.0,0.0,-0.0078073055988339,0.038938371875027,0.038938371875027,-0.0009615093716554,0.9990611943078422,0.0587552608905084,0.0154549179770116,0.0188830062058815,0.0174692410465062,0.0132969013147178,-0.022040910643668102,-0.0157241755330281,0.0020765778219469996,0.003600559916641,0.0099172950272811,0.0277180483822562
830,2022-12-22,0.0146504266663629,0.0125,-0.0785377132915793,0.2184569646910211,43.650001525878906,44.0,43.650001525878906,43.70000076293945,43.70000076293945,48002,0.0045977186882632,0.0045977186882633,0.0021504266663628,-0.0307400932701226,-0.0353378119583859,-0.0009741230586142,0.9956356621607684,0.0588282407856183,0.015543872436699,0.0036005599166410995,-0.016454805752504402,-0.0178685709118797,-0.0115518358012397,0.006248917553735401,0.0263444877653243,-0.0290210768477459,-0.0112203234927708,0.008875246718818
831,2022-12-23,-0.0118611959738385,0.0121,0.2043257741624682,-0.3922360922547049,43.70000076293945,43.84999847412109,43.400001525878906,43.59999847412109,43.59999847412109,50000,-0.002288381855205,-0.0022883818552053,-0.0239611959738385,0.0040283532554347,0.00631673511064,-0.0009725369875927,0.99507440258751,0.0588160954255897,0.0155463813159286,-0.0290210768477459,0.0099172950272811,-0.010138070641864401,0.0076626827131106995,0.0277582529246996,0.025087486925446798,0.0241174884656151,0.044213058677204,0.0415422926779512
832,2022-12-26,0.0009459326027126,0.0121,-0.0480135209227368,0.0450484624654359,43.59999847412109,43.70000076293945,43.54999923706055,43.54999923706055,43.54999923706055,44001,-0.0011467715323481,-0.0011467715323479,-0.0111540673972874,0.0166539818226271,0.0178007533549751,-0.0009735551092105,0.994818181501379,0.0588301269739781,0.0155578291608837,0.0241174884656151,-0.0112203234927708,0.0277180483822562,0.0478136185938451,0.0451428525945923,0.037015784335618605,0.037896323566564,0.0352255575673112,0.0270984893083375
833,2022-12-27,0.0030311103254018,0.0131,0.0469426924568086,0.0989006086042778,44.04999923706055,44.04999923706055,43.5,43.70000076293945,43.70000076293945,100004,0.0034443519748964,0.0034443519748963,-0.0100688896745982,0.0235399221864852,0.0200955702115889,-0.0009729440268261,0.993300021708091,0.0588244847452897,0.0156467584280365,0.037896323566564,0.044213058677204,0.008875246718818099,0.006204480719565298,-0.0019225875394084015,-0.036755630337476204,0.0174248042123361,0.0092977359533623,-0.0255353068447054
834,2022-12-28,-0.0108406909558629,0.01335,-0.0194931897539178,-0.2946505044663522,43.59999847412109,43.650001525878906,43.150001525878906,43.20000076293945,43.20000076293945,138021,-0.0114416473974992,-0.0114416473974992,-0.0241906909558629,-0.014112413396752,-0.0026707659992528,-0.0009763760463965,0.99406341688364,0.0588015204250747,0.0156425723608264,0.0174248042123361,0.0352255575673112,0.041542292677951204,0.033415224418977506,-0.0014178183790902951,,-0.0107978342582265,-0.0456308770562943,
835,2022-12-29,-0.006214595293378,0.01335,0.1364933095163926,-0.1664625272555516,43.650001525878906,43.650001525878906,42.5,42.84999847412109,42.84999847412109,203002,-0.0081019046906735,-0.0081019046906737,-0.019564595293378,-0.0162289729496474,-0.0081270682589737,-0.0009756907055673,0.9937280429376631,0.0588006440057186,0.015646331901419,-0.0107978342582265,0.009297735953362399,0.027098489308337505,-0.007734553489730296,,,-0.0429601110570415,,
836,2022-12-30,0.0037394977210106,0.01335,-0.0315764437607672,0.078685565921594,42.95000076293945,43.0,42.79999923706055,42.900001525878906,42.900001525878906,55000,0.0011669324046303,0.0011669324046306,-0.0096105022789894,-0.0336661103934371,-0.0348330427980678,-0.0009554950254404,0.9983066736173084,0.0585112932771995,0.0153316527220836,-0.0429601110570415,-0.0456308770562943,-0.025535306844705404,,,,,,
